Alice
[[  3.43692861e-02  -4.02024612e-02  -1.42930252e-02  -1.51709793e-02
    1.29218772e-01  -5.05167246e-01  -6.95298165e-02  -6.03963248e-02
   -2.55223159e-02   1.07310653e-01   4.97934334e-02  -8.17639381e-03
    1.04324490e-01   5.23186997e-02  -3.07226460e-02  -7.76703507e-02]
 [ -9.73692455e-04  -4.49730642e-02   6.97724074e-02   2.63785888e-02
    1.34727374e-01   3.38849798e-02   8.19420163e-03   4.11425382e-02
    3.64947990e-02   1.03848085e-01   2.21733712e-02   8.34188715e-04
    9.80184376e-02  -4.69000870e-03  -2.66466085e-02  -1.40225682e-02]
 [  2.16353554e-02   4.94411886e-01   5.62739335e-02  -1.94184892e-02
    2.20822748e-02  -1.55936014e-02  -1.57963429e-02  -5.07493466e-02
    4.31651995e-02   7.95574486e-02   1.08804693e-02   2.83086896e-02
    6.93246052e-02   1.67288601e-01  -1.14709221e-01  -4.94329929e-02]
 [  8.50528777e-02  -1.88779365e-02  -2.07111929e-02   5.77457100e-02
   -2.89071817e-03  -6.99942978e-03  -1.73160985e-01   8.88715759e-02
    5.98527193e-01   1.11115910e-01  -4.32609022e-02   3.20819579e-03
    1.15542330e-01   1.19100381e-02   2.42351033e-02  -9.20069516e-02]
 [  4.02031792e-03  -4.80630845e-02   3.36114466e-02   2.48441156e-02
    4.59058322e-02  -1.31292955e-03   1.14551000e-02   1.57360621e-02
    2.57891603e-02   9.07933339e-02   2.46932264e-02  -8.64166860e-03
    9.61835980e-02   1.57143082e-02  -2.42409837e-02  -5.28427325e-02]
 [  2.37518065e-02  -6.03926964e-02   6.73730671e-03  -1.85971707e-02
    7.88589716e-02   5.17799743e-02  -1.56475902e-01   1.88263468e-02
    2.58452296e-02   9.59896073e-02   5.36482222e-02   3.32181528e-02
    1.03884064e-01   1.01176344e-01   4.27433406e-04  -1.18869253e-01]
 [  3.44466157e-02  -5.99817745e-02   3.61865722e-02  -1.43028107e-02
    6.31708130e-02  -3.88194527e-03  -9.20898244e-02   1.70308736e-03
    7.25909788e-03   8.92863795e-02   4.12106588e-02   4.53217104e-02
    1.00957856e-01   1.15870997e-01  -1.22134639e-02  -7.42722154e-02]
 [  1.66493040e-02  -5.47902286e-02   8.04055110e-02   6.36570947e-03
    8.34514946e-02   6.28447607e-02  -3.14039774e-02   3.80342565e-02
    2.42195111e-02   9.44683403e-02   2.76117623e-02   4.05662656e-02
    9.34706852e-02   7.87668228e-02  -1.85830090e-02  -3.40843573e-02]
 [  1.08320974e-02  -4.49337177e-02   4.60911766e-02  -1.12341484e-02
    1.55771047e-01  -2.25161556e-02  -1.64726198e-01   3.24288048e-02
    7.80799845e-03   9.80072394e-02   3.84412035e-02   5.72724007e-02
    9.65101495e-02  -3.81256416e-02   7.61515321e-03  -1.68930236e-02]
 [  2.13358216e-02  -5.29462323e-02   2.88099945e-02   2.09864974e-02
   -2.91585792e-02  -3.14003341e-02  -5.14595285e-02   1.74030720e-03
    3.94084677e-02   7.57379457e-02   2.73202062e-02   1.67981498e-02
    1.00235917e-01   3.41541171e-02  -1.09876096e-02  -6.37258589e-02]
 [  6.73784874e-03  -5.12341671e-02   2.24845540e-02   1.18692713e-02
    3.65899801e-02  -8.13186616e-02  -8.63869488e-02   2.09612846e-02
    1.21505428e-02   8.92721042e-02   2.33479850e-02   1.90438833e-02
    8.97078440e-02   3.30374017e-02  -1.28435483e-02  -3.56118158e-02]
 [  2.22564768e-02  -4.57478464e-02   1.68894138e-02  -1.21060405e-02
    5.75287193e-02  -1.36811599e-01  -3.03846058e-02   1.85275581e-02
    5.89992292e-03   9.85770077e-02   5.29703200e-02   3.03484146e-02
    9.78721753e-02   6.46315888e-02  -1.11670559e-02  -1.31939575e-01]
 [  2.62242593e-02  -5.30908592e-02   8.06145519e-02  -4.81610512e-03
    1.26259729e-01   4.85656001e-02  -5.66552766e-02   3.29543129e-02
    2.27289852e-02   1.03046529e-01   3.05504780e-02   5.31132817e-02
    1.00862823e-01   9.21706185e-02  -1.96803845e-02  -2.67377459e-02]
 [  1.92778967e-02  -4.67757247e-02   3.32547016e-02   1.80043362e-03
    9.45639834e-02  -1.06311567e-01  -1.94686651e-02   9.03355796e-03
    7.97601789e-03   9.07168165e-02   2.58549936e-02   3.33086289e-02
    9.43456888e-02   4.56125848e-03  -1.35844080e-02  -3.51299159e-02]
 [ -7.32568698e-03  -3.29572819e-02  -2.93334164e-02   1.33556366e-01
   -4.31045704e-02  -1.26149982e-01  -4.42945175e-02   6.30792677e-01
    5.84701560e-02   8.57020617e-02   6.30673170e-02   1.59167439e-01
    1.07562721e-01   8.26240033e-02  -1.02767020e-01   1.95873864e-02]
 [  1.90203972e-02  -4.64548655e-02   3.08885034e-02   1.48062138e-02
    3.84820290e-02  -7.69386441e-02  -7.70261418e-03   4.83582588e-03
    2.10712422e-02   8.85934979e-02   1.61500089e-02   2.86563430e-02
    9.95037258e-02  -2.14109593e-03  -1.67229995e-02  -2.47977525e-02]
 [ -1.17524704e-02  -2.92967800e-02   5.03788777e-02   2.21573059e-02
   -6.25248207e-03   4.62637376e-03  -6.47288747e-03   4.74659866e-03
    2.63083074e-02   8.95160064e-02   8.01161677e-03   3.88546987e-03
    8.18026960e-02   2.39480939e-02  -1.55205345e-02  -4.29167598e-02]
 [ -3.03349714e-03  -4.37195152e-02   3.55300829e-02   1.79364625e-02
   -9.06550325e-03   1.67628808e-03   8.90315603e-03   9.03199986e-03
    6.74369698e-03   8.28273371e-02  -1.75869756e-03   2.88277119e-02
    8.16612169e-02   1.65124573e-02  -1.18756928e-02  -1.84754655e-02]
 [ -2.54644663e-03  -5.59277274e-02  -2.56649666e-02   3.13781723e-02
   -4.57777036e-03  -9.05869622e-03  -5.21988161e-02   8.83616507e-03
    1.92216542e-02   7.14081451e-02   2.70369463e-04  -2.89896037e-02
    7.76167735e-02   6.65413635e-03  -2.36250535e-02   2.90700747e-03]
 [ -3.85283679e-03  -4.51957807e-02   2.97019649e-02   2.07592305e-02
   -8.55883304e-03   5.47787349e-04  -6.82992919e-04   8.92899744e-03
    1.08189881e-02   8.44535455e-02  -5.75018581e-04   1.93256661e-02
    8.36415812e-02   1.64588597e-02  -1.41779035e-02  -1.85843557e-02]
 [ -4.73453244e-03  -3.59956026e-02   5.53786829e-02   1.40853357e-02
   -9.49572399e-03   5.36352536e-03   2.41143573e-02   8.04354064e-03
    6.29783142e-03   8.47714394e-02  -5.46082738e-04   4.07078713e-02
    8.03195909e-02   2.02928875e-02  -8.60617403e-03  -2.86903996e-02]
 [  2.36407458e-03  -4.99119274e-02   1.83358695e-02   1.49903651e-02
   -9.52068251e-03  -1.15953549e-03   1.20087834e-02   1.08740609e-02
   -4.60684439e-03   7.09656924e-02  -7.15946453e-03   3.62527408e-02
    7.45580122e-02   9.81853157e-03  -9.81072988e-03  -4.76952875e-04]
 [ -7.72687513e-03  -5.28907478e-02  -1.32042756e-02   3.61003913e-02
   -4.34320699e-03  -7.17711123e-03  -6.00786358e-02   7.63810845e-03
    3.14686112e-02   8.51197988e-02   5.55408467e-03  -3.97373959e-02
    8.75274763e-02   1.28537258e-02  -2.70755105e-02  -1.31067596e-02]
 [ -5.15428185e-03  -3.97780538e-02   3.12203802e-02   1.98274013e-02
   -7.44547183e-03   1.18269830e-03  -2.09712773e-03   7.59774586e-03
    1.27555169e-02   8.02177340e-02   1.04604801e-03   1.50465593e-02
    7.82256201e-02   1.67087577e-02  -1.36147905e-02  -2.15977319e-02]
 [  1.10139325e-03  -4.53461185e-02   4.17140089e-02   1.16709676e-02
   -1.09735718e-02   2.84038740e-03   3.07039302e-02   1.06491251e-02
   -5.95520809e-03   7.82793537e-02  -6.77610328e-03   5.33500947e-02
    7.84501061e-02   1.45968460e-02  -6.68417290e-03  -1.12418793e-02]
 [ -5.73872682e-03  -3.60160843e-02   7.08033815e-02   1.34242363e-02
   -1.10689970e-02   7.76736345e-03   3.48233543e-02   8.57498404e-03
    6.31812587e-03   9.40385312e-02  -2.43623901e-04   5.17292470e-02
    8.75911117e-02   2.41212994e-02  -7.66402530e-03  -3.61861512e-02]
 [ -3.34901013e-03  -4.28090654e-02   3.53844278e-02   1.78979896e-02
   -8.79634451e-03   1.72221300e-03   7.93533679e-03   8.69067945e-03
    7.46375276e-03   8.22131261e-02  -1.35123113e-03   2.74348911e-02
    8.08409601e-02   1.65808853e-02  -1.18715484e-02  -1.90509763e-02]
 [ -3.77564807e-03  -4.83257957e-02   9.96502396e-03   2.46691145e-02
   -6.91584498e-03  -2.84214155e-03  -2.00336743e-02   8.73681158e-03
    1.43911429e-02   7.94563219e-02   1.49460335e-04   6.91285648e-04
    8.09502602e-02   1.30677270e-02  -1.76673438e-02  -1.16200214e-02]
 [ -3.75938136e-03  -4.45189625e-02   2.22941041e-02   2.12011281e-02
   -7.53235910e-03  -5.40738227e-04  -6.77831518e-03   8.53511784e-03
    1.13884890e-02   7.96833411e-02  -3.03684763e-04   1.27057983e-02
    7.96029419e-02   1.47319632e-02  -1.47642745e-02  -1.55310351e-02]
 [ -3.54695902e-03  -3.61719541e-02   5.26419953e-02   1.28441686e-02
   -9.55693144e-03   4.99788951e-03   2.60074455e-02   8.18848517e-03
    3.59374937e-03   8.10937434e-02  -1.65307824e-03   4.30354327e-02
    7.74042383e-02   1.88696925e-02  -7.67870061e-03  -2.52150558e-02]
 [ -2.53714691e-03  -4.73545082e-02   3.50637212e-02   1.90688353e-02
   -9.75797884e-03   1.32599834e-03   8.95846821e-03   9.90291312e-03
    6.30916236e-03   8.68218243e-02  -2.50383606e-03   3.08081396e-02
    8.62169638e-02   1.67546291e-02  -1.25700980e-02  -1.73842739e-02]
 [ -2.96701281e-03  -5.06071001e-02   5.25444141e-03   2.51570120e-02
   -6.93365466e-03  -3.69076617e-03  -2.21938957e-02   9.10279434e-03
    1.34620005e-02   7.87030980e-02  -6.09185314e-04  -2.52619910e-04
    8.12491551e-02   1.19202724e-02  -1.80823039e-02  -8.25495739e-03]
 [ -1.27039135e-01  -6.81971610e-02   3.33465971e-02   3.19777161e-01
    2.66041517e-01   1.21732466e-01  -1.02683753e-01  -6.90334558e-01
    9.87100452e-02   2.49110445e-01  -2.40017697e-02   3.05307619e-02
    3.55129279e-02  -2.95211207e-02  -2.11570144e-01  -3.88349220e-02]
 [ -3.74329358e-01   1.19023509e-01   2.24548921e-01  -3.49639326e-01
    1.07715368e-01   2.81676073e-02  -3.43605131e-02   6.17684722e-01
    1.27165407e-01  -2.85028607e-01   8.31878260e-02   3.33005004e-02
    3.36041003e-02   1.25002280e-01  -1.05321392e-01  -1.92936932e-04]
 [  6.14983022e-01  -6.22460730e-02   9.57540423e-02   1.71619639e-01
    1.51325420e-01  -1.40967980e-01  -5.84869422e-02  -9.35483500e-02
   -1.32548705e-01  -1.98557973e-01   1.22654498e-01   2.79748827e-01
   -5.54759726e-02  -7.88542535e-03   5.65898754e-02  -4.75706160e-01]
 [  6.25809804e-02  -2.64529232e-02   4.14794207e-01   5.90435453e-02
    1.87605008e-01  -1.74513265e-01  -1.67051196e-01   1.84553891e-01
   -7.24044666e-02  -2.21989557e-01   1.04095042e-01  -9.65186656e-02
   -2.04400912e-01   3.81303072e-01  -5.62677495e-02  -3.71093214e-01]
 [ -5.99779468e-03  -9.99250561e-02   5.11560857e-01   1.65726304e-01
    8.15749466e-02   7.36174136e-02   2.17117723e-02   2.18448400e-01
    1.28968805e-01   8.41088071e-02  -3.80157530e-02  -3.88728231e-02
   -6.37047961e-02   8.90095234e-02  -2.99644530e-01  -2.33373642e-01]
 [ -4.01208214e-02  -9.66239944e-02  -2.05929905e-01   5.17362496e-03
    3.32554075e-04  -1.96865350e-01  -1.94102347e-01   2.62280047e-01
    1.44511253e-01  -1.25322239e-02  -1.08582258e-01   2.16776133e-02
    5.88256307e-02   1.52655588e-02   3.68592963e-02   8.70461166e-02]
 [  7.63758272e-02   4.75640506e-01   9.17961150e-02   6.37777895e-02
    5.60501106e-02  -3.94079499e-02  -1.09321609e-01   1.56709820e-01
   -5.29654846e-02  -1.48525596e-01   1.89099330e-02  -6.45376295e-02
   -6.91557750e-02  -8.10725838e-02   1.46999761e-01   7.52432942e-02]
 [  6.53676409e-03   4.45858128e-02   5.77768944e-02   5.64143620e-03
    7.64209265e-03  -7.32588395e-03  -2.08270878e-01  -1.07387137e-02
    4.93073054e-02  -4.10468541e-02   5.17785689e-03   1.55839175e-02
   -2.50073783e-02  -6.19171839e-03  -7.23318160e-02  -1.82878803e-02]
 [ -5.79930656e-02   1.71987787e-01   1.36556894e-01   7.26519227e-02
    6.72246963e-02   1.80766024e-02  -4.85670194e-02   1.90266371e-01
    8.76060873e-02  -7.64650255e-02  -2.37773806e-01   4.73222584e-02
    1.77577481e-01   3.38453919e-01  -2.54543759e-02  -2.57470876e-01]
 [  9.43120569e-02  -2.44003266e-01  -6.20889366e-02   1.59215972e-01
    2.30498731e-01  -5.68037778e-02   1.09351948e-01   3.15611303e-01
    3.85184772e-02  -1.30010188e-01   2.20580655e-03   9.22416091e-01
   -3.04647293e-02   4.98500727e-02  -2.26798177e-01   1.17204212e-01]
 [ -8.71914104e-02  -2.17050407e-02   1.15460970e-01   3.67531851e-02
    1.62858844e-01   5.35092540e-02  -1.68620229e-01  -6.98846132e-02
    1.09518981e-02  -5.02109110e-01  -3.56504060e-02   7.74283707e-02
   -2.20781006e-02  -1.43219391e-02   2.11913628e-03  -8.28515515e-02]
 [ -4.11487296e-02  -1.96256250e-01  -9.55960900e-03   2.82574713e-01
   -3.14293732e-03  -2.16751709e-03  -5.16414493e-02   4.94141191e-01
    9.54859257e-02   2.15323284e-01  -7.05586910e-01   8.91910866e-03
   -7.36568198e-02   2.62386352e-02  -1.84176549e-01  -4.81932936e-03]
 [  2.48747751e-01   1.62994221e-01  -3.35590452e-01   1.80627137e-01
    5.12808442e-01  -9.06692445e-02   2.23743349e-01   2.94091612e-01
   -2.23457679e-01   2.20558852e-01   9.32272822e-02   3.39470021e-02
   -2.14176282e-01  -6.96331710e-02   1.41438723e-01  -1.38225108e-01]
 [ -8.09772313e-03  -1.54588878e-01   2.33685933e-02   1.89642936e-01
   -2.63284117e-01   4.26093349e-03   3.52766439e-02   1.12732030e-01
   -1.99298728e-02  -4.71845493e-02  -3.41722578e-01   1.91316586e-02
    9.39496309e-02  -1.49144856e-02  -3.47871929e-01  -2.91009154e-03]
 [ -8.74236077e-02  -6.73755705e-02  -7.43242875e-02   1.14996359e-02
    9.40109789e-02   9.11739171e-02  -1.18649937e-01   2.14453042e-01
   -7.09177673e-01   1.25286311e-01  -1.22573718e-01  -1.21598514e-02
    8.45047459e-02   4.77092387e-03  -5.06351814e-02  -2.63233948e-03]
 [ -2.15070605e-01   1.19038716e-01   6.21754006e-02   1.36649400e-01
   -1.16262220e-01  -3.33881266e-02   3.94322956e-03   1.80397108e-01
    1.54215693e-01   2.17398390e-01  -1.36165544e-01  -5.44354022e-02
    1.04435064e-01   1.38180584e-01  -9.62127820e-02   6.09494597e-02]]
Bob
[[ -7.97676370e-02   6.91295182e-03  -1.80305634e-02   1.13482609e-01
   -6.60255849e-02   4.69470739e-01  -2.89822351e-02  -6.37486503e-02
   -1.30952075e-01   2.92191934e-02  -6.10250011e-02  -1.34916365e-01
    7.68824806e-03   1.46154717e-01   7.80869648e-02  -9.77122709e-02]
 [ -4.43996079e-02  -2.72686779e-02  -2.45244242e-02   1.40831023e-02
   -4.20355834e-02  -3.82552259e-02   2.46399851e-03   2.90832110e-02
   -1.06756086e-03   1.81774516e-02   2.32829973e-02  -1.00136936e-01
    6.65735686e-03   1.40812680e-01   6.53175563e-02  -1.62973478e-02]
 [ -1.36718556e-01  -8.95673633e-02   5.63014708e-02  -3.86210419e-02
    4.09221975e-03   5.22711035e-03  -6.83416128e-01  -1.33403689e-01
   -6.13234639e-02   1.94705948e-02  -1.10609472e-01  -1.05522618e-01
    1.27567127e-01   1.23534665e-01   6.28434122e-02  -1.09046966e-01]
 [ -3.51769850e-02  -1.06477566e-01   2.08011661e-02  -1.54135479e-02
   -1.51442349e-01   7.87222758e-03   9.07735825e-02   4.58402447e-02
   -2.52469908e-02  -1.38367508e-02  -8.14123079e-02  -1.00685239e-01
   -8.94792452e-02   1.15656972e-01  -3.88609678e-01  -8.31288099e-02]
 [ -3.87828946e-02  -2.18694508e-02  -1.43635925e-02   5.74554205e-02
   -4.74188775e-02  -3.24763963e-03  -1.24392966e-02   1.88454054e-02
   -3.45361494e-02   3.09650265e-02  -3.98400798e-02  -9.83422101e-02
    1.05032027e-02   1.09218441e-01   5.33371381e-02  -6.34902483e-03]
 [ -5.70278317e-02  -8.99989344e-03  -6.94121979e-03   3.90099473e-02
    1.65224187e-02  -5.42347208e-02   4.85569378e-03  -1.52898386e-01
   -1.09002575e-01   3.44942324e-02  -1.66006442e-02  -9.39030647e-02
    1.28998440e-02   1.14239462e-01   7.42433369e-02  -1.32482886e-01]
 [ -3.73822339e-02  -3.37756705e-03  -1.81317534e-02   6.18056804e-02
   -3.34359892e-02   3.03536654e-03  -5.47809107e-03  -1.36480004e-01
   -1.39078438e-01   1.34015549e-02  -6.40777647e-02  -1.08045228e-01
    6.37328112e-03   1.12906724e-01   6.30621016e-02  -1.10104017e-01]
 [ -3.80974710e-02  -7.31941173e-03  -2.56915540e-02   2.13244893e-02
   -2.58294214e-02  -5.74419685e-02   8.86924099e-03  -6.23463020e-02
   -7.20834881e-02  -5.25408098e-03  -4.09044232e-03  -9.72923860e-02
    6.28812052e-03   1.11540921e-01   6.18491732e-02  -6.31947741e-02]
 [ -6.07137606e-02  -6.97756419e-03  -1.61265042e-02   1.16943605e-02
   -7.60827884e-02   1.52647262e-02  -8.96898843e-03  -1.60330787e-01
    1.65134517e-03   1.24534732e-02   5.52496463e-02  -9.11030471e-02
   -9.66530293e-03   1.23711035e-01   6.60839677e-02  -7.52796605e-02]
 [ -2.42810585e-02  -2.23074555e-02  -2.88278121e-03   3.40775140e-02
   -1.79242697e-02   2.74227094e-02  -1.96365956e-02  -5.42331934e-02
   -3.44760716e-02   3.59241962e-02  -6.89271614e-02  -1.06270850e-01
    1.64148323e-02   6.86201677e-02   6.51645809e-02  -3.15481499e-02]
 [ -4.69829515e-02   5.22612222e-03  -1.96020827e-02   4.85141352e-02
   -4.85825539e-02   7.83432797e-02  -1.89940911e-02  -9.01393294e-02
   -4.64720055e-02   1.02240155e-02  -2.18962487e-02  -1.02943987e-01
    1.39173763e-02   9.55611989e-02   5.35163768e-02  -3.40177417e-02]
 [ -1.01245821e-01  -2.86436779e-03  -5.11532137e-03   8.49014521e-02
   -1.27513111e-02   1.25989765e-01  -7.53768208e-03  -4.12119515e-02
   -9.00771692e-02   1.99484676e-02   1.08828058e-03  -1.01576209e-01
    8.63490906e-03   1.13829874e-01   6.94509372e-02  -8.08987543e-02]
 [ -4.35232855e-02  -1.42163672e-02  -2.38706321e-02  -6.45793695e-03
    7.69970298e-04  -4.82697338e-02   7.23728724e-03  -8.20902959e-02
   -7.94011801e-02   5.06884698e-03   1.24283517e-02  -9.87420827e-02
    6.61194790e-03   1.23420388e-01   6.95462823e-02  -1.01177923e-01]
 [ -5.80815785e-02  -1.96393505e-02  -1.17219882e-02   4.07652371e-02
   -4.43184264e-02   9.29727405e-02  -1.61480512e-02  -2.65269745e-02
   -3.35052125e-02   1.91965718e-02  -5.30015165e-03  -1.01453945e-01
    5.69576910e-03   1.17360353e-01   5.90008684e-02  -4.53976281e-02]
 [  3.89008850e-01  -4.46195863e-02   2.05165911e-02   4.72309217e-02
   -7.69309998e-02   2.01564714e-01   9.05000232e-03   5.33461682e-02
   -1.10619897e-02  -3.37640531e-02   2.74219103e-02  -6.42772615e-02
    8.62661190e-03   8.48192349e-02   8.78565460e-02   1.45701887e-02]
 [ -4.22301218e-02  -3.18002887e-02  -4.15825890e-03   1.99603513e-02
   -2.66942661e-02   6.47656396e-02  -3.28285955e-02  -8.79860204e-03
   -7.38901598e-03   3.28020342e-02  -2.86411718e-02  -1.03260182e-01
    1.44780800e-02   9.23413187e-02   5.50694279e-02  -2.21397299e-02]
 [ -3.08048055e-02  -3.69971781e-03  -1.51948575e-02   4.52254526e-02
   -5.09008206e-02   1.84092624e-03  -2.95411032e-02  -2.27486566e-02
   -2.21392419e-02   1.83749888e-02  -4.71199341e-02  -7.80175999e-02
    1.54858269e-02   6.83017075e-02   1.52240433e-02   1.67527050e-02]
 [ -3.18925790e-02  -1.01617863e-02  -1.11930780e-02   1.54188310e-03
    7.86925759e-03   1.76321482e-04  -1.45137999e-02  -1.88399374e-03
    2.19860696e-03   6.21187873e-02  -3.03064659e-02  -7.42856786e-02
    2.00156793e-02   6.03155904e-02   2.60013659e-02   5.85081894e-03]
 [ -3.06545906e-02  -1.21131977e-02  -1.24083627e-02  -1.15715824e-02
    2.52960864e-02   1.09243137e-03  -3.96399992e-03   5.89464419e-03
    7.23130116e-03   9.74278077e-02  -3.52546424e-02  -7.98201784e-02
    1.95780229e-02   6.50841519e-02   2.56812256e-02   2.89495988e-03]
 [ -2.92933807e-02  -9.85131413e-03  -1.35876117e-02  -9.88206011e-04
    1.06520355e-02   1.76669809e-03  -5.36048459e-03   1.24448258e-03
    6.86084095e-04   8.92351866e-02  -3.99645194e-02  -7.90253580e-02
    1.70020182e-02   6.61166757e-02   2.08509918e-02   5.28195500e-03]
 [ -3.07510365e-02  -8.45263898e-03  -1.23847900e-02   1.51637150e-02
   -1.06416410e-02   7.54823152e-04  -1.91830713e-02  -8.37606285e-03
   -5.48253721e-03   4.90101241e-02  -3.63115035e-02  -7.56754130e-02
    1.86769478e-02   6.30127266e-02   2.26642601e-02   9.32067260e-03]
 [ -2.96486095e-02  -8.07233341e-03  -1.43127702e-02   1.73445772e-02
   -1.36196986e-02   1.87117851e-03  -1.56001914e-02  -8.35176744e-03
   -8.31640884e-03   6.23088852e-02  -4.40132990e-02  -8.03174153e-02
    1.70831122e-02   6.82552755e-02   1.94428898e-02   1.00384085e-02]
 [ -3.04739848e-02  -5.93279209e-03  -1.49798254e-02   3.31146978e-02
   -3.46629098e-02   1.86035188e-03  -2.37815734e-02  -1.65558849e-02
   -1.61394104e-02   3.87194529e-02  -4.66803573e-02  -8.03473815e-02
    1.66115370e-02   6.94039315e-02   1.75074637e-02   1.39580723e-02]
 [ -2.94108503e-02  -8.75944272e-03  -1.73598621e-02   1.87568832e-02
   -1.52324820e-02   3.21016298e-03  -1.15252957e-02  -7.85843935e-03
   -1.10707646e-02   8.54958817e-02  -5.62534779e-02  -9.12747905e-02
    1.66768953e-02   7.90102333e-02   1.75687056e-02   1.10459458e-02]
 [ -3.01259998e-02  -5.25721954e-03  -1.35299750e-02   2.86361706e-02
   -2.90870611e-02   1.37417321e-03  -2.18326133e-02  -1.44371111e-02
   -1.33695053e-02   3.51629779e-02  -4.01200317e-02  -7.36521780e-02
    1.56882778e-02   6.31339923e-02   1.70828961e-02   1.22801242e-02]
 [ -3.01855970e-02  -1.42659126e-02  -1.29416678e-02  -2.27022208e-02
    4.02976759e-02   1.45260012e-03   2.80000363e-03   1.19352648e-02
    1.21926339e-02   1.22194514e-01  -3.75342555e-02  -8.40950236e-02
    2.02109925e-02   6.83136880e-02   2.69655045e-02   4.28030937e-04]
 [ -3.12780924e-02  -8.34439229e-03  -1.25811649e-02   1.48093626e-02
   -1.00040883e-02   7.78969843e-04  -1.87237505e-02  -8.13027658e-03
   -5.30594867e-03   5.04475012e-02  -3.63060683e-02  -7.60624781e-02
    1.86317582e-02   6.33339509e-02   2.26038080e-02   9.24950279e-03]
 [ -2.71407813e-02  -2.03964277e-03  -1.96828991e-02   5.36201298e-02
   -6.29770756e-02   4.43475787e-03  -2.17943490e-02  -2.42859758e-02
   -3.07814181e-02   4.48189378e-02  -6.59974515e-02  -8.74181911e-02
    1.08943405e-02   7.97748566e-02   6.28052372e-03   1.91286039e-02]
 [ -3.12459450e-02  -9.73668881e-03  -1.18854921e-02   5.35632018e-03
    2.72141560e-03   5.76787512e-04  -1.49261551e-02  -3.42490943e-03
   -2.46023585e-04   6.15500472e-02  -3.34118493e-02  -7.55537450e-02
    1.93520840e-02   6.20026812e-02   2.45113932e-02   6.86928164e-03]
 [ -3.10692973e-02  -3.50896572e-03  -1.41758639e-02   4.89911698e-02
   -5.58435991e-02   1.22640806e-03  -3.44765745e-02  -2.54013222e-02
   -2.29067374e-02   2.69679236e-03  -4.36873473e-02  -7.51253515e-02
    1.64465513e-02   6.53474554e-02   1.66154653e-02   1.76399127e-02]
 [ -3.01141348e-02  -3.78843024e-03  -1.51799256e-02   4.50814366e-02
   -5.08492738e-02   1.97129301e-03  -2.91345082e-02  -2.25834493e-02
   -2.22604405e-02   1.94318444e-02  -4.78097610e-02  -7.79467598e-02
    1.53765259e-02   6.82521760e-02   1.48954028e-02   1.67403296e-02]
 [ -3.08584012e-02  -6.39125658e-03  -1.45160938e-02   3.26274782e-02
   -3.38543579e-02   1.59111421e-03  -2.52943002e-02  -1.67237110e-02
   -1.53410612e-02   3.55405360e-02  -4.52804714e-02  -8.03742036e-02
    1.75515637e-02   6.89091608e-02   1.90693513e-02   1.39211481e-02]
 [  3.47004354e-01   2.86884576e-01  -4.05181855e-01  -6.97728768e-02
   -6.47587255e-02  -2.69440375e-02   6.96860328e-02  -2.12092310e-01
    1.73690826e-01  -2.07557883e-02   1.51883923e-02  -2.04651169e-02
   -1.56117052e-01  -1.61884334e-02  -6.82222068e-01   1.93391323e-01]
 [ -3.74470860e-01  -2.39429101e-01   8.61853361e-02   6.56549335e-02
   -1.32427104e-02   5.27862879e-03   3.50412935e-01  -5.42399213e-02
   -2.44217627e-02   6.97664991e-02   5.84053993e-02   5.54177873e-02
    2.10633531e-01  -1.70021728e-01   1.25408852e-02  -1.23316057e-01]
 [ -2.91254729e-01  -1.13014527e-01   1.00187570e-01   1.79072216e-01
   -6.93455160e-01  -1.92506716e-01  -4.31012549e-02   2.13962615e-01
   -8.94361548e-03   8.45299512e-02   4.11874503e-02  -5.85371628e-02
    1.16705652e-02  -2.33204793e-02  -1.50253937e-01  -1.76226556e-01]
 [ -2.70591855e-01  -5.39105618e-04   3.75666209e-02  -8.32981765e-02
   -2.17837356e-02   1.36708140e-01  -4.60486978e-01  -2.49980628e-01
   -1.73630178e-01   1.65439472e-02   2.37151131e-01   8.13527107e-02
    3.36357296e-01  -3.21897417e-01  -3.29090238e-01  -1.21353611e-01]
 [ -6.59227045e-03  -1.32195100e-01   1.41403764e-01   2.98390910e-02
   -2.02272628e-02   6.29600212e-02  -3.00752550e-01  -9.74438787e-02
    1.65196732e-02  -1.71754148e-03   4.35276069e-02  -1.15908429e-01
    1.99303493e-01   5.35552144e-01  -1.37557209e-01   2.78596640e-01]
 [  1.74884155e-01  -4.37127315e-02   1.74719244e-02  -8.87749270e-02
    2.10150316e-01   2.19134271e-01   6.29475117e-02  -2.10843474e-01
   -1.59076322e-02   2.82434076e-02  -6.03813119e-03   1.22843787e-01
    3.08602937e-02   1.52187701e-03  -1.18694745e-01  -5.26098758e-02]
 [ -8.73545557e-02  -1.09512217e-01   2.56991107e-02   5.26975431e-02
    7.87359551e-02  -2.34713275e-02  -3.62709090e-02  -3.04965854e-01
    2.97120661e-02   5.17279899e-04   6.80165663e-02   3.61430895e-04
    2.88793910e-03  -2.98036840e-02  -1.35296911e-01   1.75689891e-01]
 [  8.90801430e-01   3.52589041e-02  -1.30372271e-02  -6.16579317e-02
    2.02710360e-01  -1.14480257e-01   1.04341961e-01  -8.75217915e-02
   -4.85896282e-02   9.28192493e-03  -2.51729548e-01  -1.95159972e-01
   -1.05139874e-01  -1.19546026e-01  -1.54485153e-02  -1.23689890e-01]
 [ -1.56399623e-01   6.80484772e-02  -6.59402087e-03   1.37449861e-01
   -3.61703224e-02   2.53096083e-03  -2.41834879e-01  -1.35969609e-01
   -5.93462102e-02   2.68792664e-03  -3.92816700e-02   7.43428469e-02
    2.31739804e-01  -2.28503123e-01  -7.46676624e-01   5.93763851e-02]
 [ -2.33994365e-01  -1.28731102e-01   7.36607099e-03   9.88639891e-04
   -6.26346692e-02  -3.97961470e-04  -2.32455969e-01   5.85074117e-03
    1.97313330e-03   3.87161002e-02  -5.78433335e-01   1.11342985e-02
    1.91833034e-01  -9.53810513e-02  -5.53685911e-02   2.99221843e-01]
 [  3.45924437e-01   7.08291456e-02  -3.98346931e-02   1.11241870e-01
   -2.34399974e-01   4.02608551e-02  -1.96777791e-01   6.61926940e-02
   -1.53045386e-01  -1.01140350e-01  -2.55429208e-01  -1.47694111e-01
   -1.03137940e-02  -1.94686856e-02   4.64675482e-03   8.32213461e-02]
 [  1.14345988e-02  -2.92453378e-01  -8.39819908e-02  -5.11372276e-02
   -1.48014039e-01   8.03966597e-02  -2.91445553e-01   3.45912546e-01
   -7.45596066e-02   9.04056311e-01   8.62274170e-02   1.78310692e-01
    3.92047077e-01  -2.42301300e-01   3.32215652e-02   3.12507451e-01]
 [ -1.59656733e-01  -3.99605393e-01   4.17812057e-02   6.62466045e-03
    4.88057435e-02  -1.75800198e-03  -4.17677432e-01  -2.23292485e-02
   -1.32585354e-02  -1.06820809e-02  -2.54199117e-01   3.61347795e-02
    2.76340187e-01  -1.70983270e-01  -2.02353857e-02   6.80647135e-01]
 [ -8.82916972e-02  -1.29977241e-01   6.88641146e-02   2.32755184e-01
   -2.82497823e-01   7.30467169e-03  -3.11261892e-01   1.33563340e-01
   -5.04372358e-01   1.18377157e-01   1.56526312e-01   2.69667715e-01
   -5.08488156e-02  -3.46786864e-02   1.08853821e-02   2.17533320e-01]
 [  8.26602653e-02  -6.30881935e-02  -5.71645014e-02  -1.79004475e-01
   -6.40074760e-02   9.17748660e-02  -9.20707434e-02  -3.55656207e-01
    3.32201943e-02  -1.93242639e-01   1.05870619e-01  -1.08028367e-01
   -8.08933526e-02  -1.34277388e-01   6.71617687e-02   1.63575813e-01]
 [  1.36059120e-01  -8.24999884e-02   7.90297836e-02   6.10013306e-01
   -1.46649346e-01   2.76401229e-02  -1.55704930e-01  -2.12927550e-01
   -7.23169595e-02  -6.80363104e-02   1.48811340e-01  -2.39646256e-01
    1.17853731e-01  -3.14898305e-02  -2.04193145e-01   1.83738351e-01]]
Eve
[[ -1.95672318e-01   1.80487320e-01  -1.60093531e-01   1.17092907e-01
    7.13719279e-02  -1.41181433e+00   3.00838619e-01   2.45058298e-01
    3.99042182e-02   3.42934988e-02  -1.65357724e-01   1.18516423e-01
    7.67979845e-02  -1.40075944e-02  -1.64414376e-01  -2.64342666e-01]
 [ -1.93924904e-01   1.21188506e-01   1.85136795e-01   7.39824846e-02
    2.74890184e-01   9.80066136e-02  -8.90007615e-02   1.13979071e-01
    5.69078550e-02  -4.76181433e-02  -1.12995645e-02   4.24047932e-02
   -1.55157140e-02   2.04819068e-01  -9.99458209e-02   1.19741994e-03]
 [ -1.35532364e-01  -9.63030398e-01  -1.78768355e-02  -6.45625591e-02
   -1.25815213e-01   1.18617952e-01   1.97636172e-01  -9.86829326e-02
   -2.94249207e-01  -9.72951055e-02  -3.16045344e-01   1.56991288e-01
    1.50603130e-01  -2.57961482e-01  -1.44819573e-01   2.90781826e-01]
 [ -1.01232499e-01  -1.22576997e-01  -1.01043880e-01   3.28332663e-01
   -8.25923588e-03  -3.11425664e-02  -9.16646495e-02   2.04510599e-01
   -1.17516446e+00   1.99015960e-01   2.34603751e-02   1.24730557e-01
   -1.00747287e-01   1.16437443e-01   1.42997473e-01   1.78009316e-01]
 [ -8.73666704e-02   8.29032809e-02   2.49761604e-02   3.89205329e-02
    6.48844540e-02   2.55639367e-02  -9.82977897e-02   5.85521087e-02
    5.71136102e-02   9.59127117e-03  -2.41302345e-02   1.08059784e-02
    2.48914752e-02   5.87664098e-02  -6.75681233e-02  -7.75364935e-02]
 [ -1.66910753e-01   1.17724739e-01  -1.53113948e-03   1.00803621e-01
   -3.49687459e-03   3.50117952e-01   3.93298119e-01   1.27931938e-01
    4.69122790e-02   6.34563044e-02  -4.23803739e-02   2.30945453e-01
    1.25753414e-02  -1.17636710e-01  -8.48588720e-02  -3.57971698e-01]
 [ -1.14326596e-01   1.23981506e-01  -2.26725917e-03   8.09552521e-02
   -1.19668562e-02   1.44761860e-01   2.93177307e-01   9.15691480e-02
    4.27637324e-02   1.11660451e-01  -3.33447568e-02   9.04088318e-02
    4.01278511e-02  -2.05670625e-01  -6.85204417e-02  -2.16043472e-01]
 [ -1.42203495e-01   1.22710809e-01   1.18028514e-01   6.25823513e-02
    1.23229951e-01   2.57635444e-01   1.03772178e-01   1.04466289e-01
    4.68813963e-02   4.51524928e-02   3.81985679e-03   3.68926711e-02
   -3.52127152e-03  -6.31092787e-02  -6.57003373e-02  -7.22219795e-02]
 [ -1.95150495e-01   1.05049744e-01   2.68608928e-01   8.19253623e-02
    1.96116745e-01  -3.09179816e-02   4.87422019e-01   7.16228187e-02
    4.91839983e-02  -8.17823187e-02   3.08242906e-02   3.49612981e-01
   -2.60556825e-02   3.15047503e-01  -1.34601295e-01  -8.93736184e-02]
 [  9.08852555e-03   3.51337269e-02  -4.21718992e-02   1.74649600e-02
   -1.44971713e-01  -4.49358039e-02   1.23231910e-01  -4.24150266e-02
    2.24959459e-02   1.12062387e-01   1.88656729e-02   2.83940546e-02
    5.93985841e-02  -4.95166406e-02  -1.44744152e-02  -7.14176968e-02]
 [ -7.59996250e-02   6.61956444e-02   1.73971411e-02   2.80074514e-02
    1.03986943e-02  -2.01192677e-01   2.38513157e-01   3.78083438e-02
    3.05092484e-02   1.03017855e-02  -8.34758207e-03   1.13666616e-01
   -7.76935252e-04   1.07048396e-02  -4.63700704e-02  -9.19939801e-02]
 [ -1.80030152e-01   1.33470520e-01  -9.73263532e-02   6.80047721e-02
   -1.74799860e-02  -2.91338086e-01   1.51229367e-01   2.39551127e-01
    4.19979468e-02  -4.75442177e-03  -9.74687487e-02   1.83188632e-01
    2.88879853e-02  -1.36790108e-02  -1.51150450e-01  -3.52961510e-01]
 [ -2.00916350e-01   1.27630621e-01   1.51433438e-01   1.01503246e-01
    1.81414083e-01   2.42489308e-01   1.94376439e-01   1.49497151e-01
    3.14865187e-02   4.84316796e-02  -1.18709365e-02   6.94748610e-02
   -4.44646645e-03  -6.41755909e-02  -9.02311802e-02  -8.75221118e-02]
 [ -1.54249921e-01   1.03383392e-01   5.49852997e-02   7.84277320e-02
    1.17312305e-01  -2.84277767e-01   1.05829254e-01   1.25019222e-01
    2.30668802e-02  -1.00349393e-02  -4.21028212e-02   1.09723553e-01
    2.02310290e-02   1.28244847e-01  -1.10181905e-01  -9.70293134e-02]
 [ -1.69724450e-01  -6.12380616e-02  -2.07847849e-01   1.56887025e-01
   -2.87035882e-01  -3.70834619e-01  -1.44348010e-01  -1.19888020e+00
    1.95086017e-01   1.88742876e-01   1.57473192e-01   2.54789412e-01
   -2.11988389e-01   7.97163472e-02  -6.46598414e-02   6.66338056e-02]
 [ -8.03344548e-02   3.71811949e-02   3.08642015e-02   5.74669987e-02
    2.29354464e-02  -2.17704967e-01   4.54776697e-02   4.20978516e-02
    3.86326993e-03   2.79196557e-02  -1.21303853e-02   4.69849333e-02
    3.32214050e-02   1.01673998e-01  -6.67439103e-02  -1.82078928e-02]
 [  3.66733015e-01  -2.69458234e-01   6.29339442e-02   1.08213320e-01
    6.84356213e-01  -1.13634877e-01   3.67346704e-01   1.36543199e-01
   -1.97446153e-01  -1.23696409e-01   3.97681445e-02  -4.93061244e-02
   -1.57173276e-02  -4.49023992e-01   4.03512478e-01  -1.70247138e-01]
 [ -1.19238722e+00   1.50886905e+00   1.29350051e-01   6.27417028e-01
   -1.17010152e+00  -5.01950383e-02   2.78539836e-01   8.49954128e-01
    1.32239357e-01  -1.53325066e-01  -3.26765478e-01   3.92837048e-01
    7.09517971e-02   8.95269215e-01  -5.41201055e-01  -1.17478877e-01]
 [ -5.24030209e-01   1.24556210e-03   1.11587465e+00   4.71372157e-01
   -5.80247402e-01   4.49694961e-01  -4.13590401e-01   9.71453786e-01
   -2.68873900e-01  -2.81813115e-01  -1.39594749e-01   6.17741108e-01
   -9.22815129e-02   3.55462253e-01  -4.09660190e-01  -8.74005616e-01]
 [ -1.19724107e+00   7.50846326e-01   5.45042694e-01  -1.76518373e-02
   -1.16132367e+00  -5.70400171e-02   5.83351314e-01   4.55112904e-01
   -5.04102647e-01  -2.98128754e-01  -2.34848216e-01   1.36433896e-02
    1.28167450e-01   1.07943547e+00  -8.04878354e-01  -4.82194304e-01]
 [  9.34956819e-02  -3.47652256e-01   1.05128340e-01   1.06948324e-01
    1.45979896e-01  -8.07461962e-02   8.07367116e-02  -1.12838514e-01
   -1.02656163e-01   1.27609029e-01   2.44830530e-02  -2.35728230e-02
   -1.25615776e-01  -4.90692258e-02   1.07335664e-01   8.70456249e-02]
 [ -6.47960156e-02   1.49884298e-01  -2.59078532e-01  -1.68281402e-02
   -8.79825875e-02  -3.17350596e-01   3.04996610e-01   1.31323203e-01
   -2.30984390e-01  -3.51386309e-01  -1.71664685e-01  -2.05167368e-01
   -1.46773094e-02   1.24830745e-01  -2.03205366e-02   2.20109940e-01]
 [ -3.19220394e-01   3.74651760e-01  -3.26997995e-01   1.17009230e-01
   -3.01908463e-01  -1.01831317e-01   7.06932425e-01   3.26538146e-01
   -4.05611426e-01  -1.77308306e-01  -9.64275226e-02  -3.15412641e-01
    1.38132140e-01   2.77464896e-01  -2.76819110e-01  -2.58272719e-02]
 [ -3.22528929e-02  -2.73420718e-02  -9.40571874e-02   2.04391271e-01
   -1.58615038e-01  -1.02525562e-01   2.54793763e-01  -1.29667461e+00
   -2.55637378e-01   3.69471490e-01   1.35418877e-01   1.18331939e-01
   -8.78130123e-02  -4.91716824e-02   2.18056403e-02   3.05937454e-02]
 [ -3.34563226e-01   2.37404078e-01   3.64221394e-01  -4.62487228e-02
   -6.02247059e-01   2.95093767e-02   4.05727834e-01   1.15721092e-01
   -1.10906649e+00  -3.65095027e-03  -4.04303148e-02  -8.61858130e-02
    1.11090742e-01   2.01354370e-01  -2.78970718e-01  -4.19362932e-01]
 [ -4.63739246e-01  -7.87946358e-02  -5.39626926e-02   6.61756217e-01
   -3.56823772e-01   2.22656056e-02   2.46423595e-02   4.44012254e-01
    3.76041085e-02   1.01763737e+00  -2.34571263e-01   1.78202540e-01
   -8.12879741e-01   7.26893842e-01  -1.29044294e-01   1.35186180e-01]
 [  2.36094102e-01  -7.64112830e-01   1.62053227e-01  -3.13002467e-01
    8.26388478e-01   5.79672083e-02   1.37320668e-01  -6.13506496e-01
    1.56688467e-01   4.37585004e-02   6.51338458e-01  -6.03389740e-01
    6.80511296e-02  -6.27798438e-01   1.95318311e-01  -2.10737497e-01]
 [ -3.89977425e-01   5.69757760e-01   5.46625018e-01   2.56911069e-01
   -5.59567094e-01  -1.96720824e-01  -8.02094340e-01  -2.91476637e-01
    2.57117540e-01  -1.48541182e-01  -3.23215097e-01   1.41830218e+00
    2.76658982e-01   3.35683823e-01   4.54235785e-02   3.23570549e-01]
 [ -8.74973893e-01  -1.32813856e-01   2.59330153e-01   4.50760782e-01
   -8.24063480e-01  -4.42596674e-02   4.37415354e-02   4.34413791e-01
   -5.93383759e-02   8.85448217e-01  -7.34487399e-02   3.30533646e-02
   -1.24641657e+00   6.00644410e-01  -1.71924442e-01  -3.04703921e-01]
 [ -1.95949107e-01  -2.83712685e-01   4.04636651e-01   1.16025684e-02
   -2.13116989e-01  -1.50762960e-01   8.61961991e-02  -2.08797112e-01
   -5.17977960e-02  -2.67109752e-01  -1.39430225e-01   1.80189550e-01
    5.39255403e-02  -2.45444536e-01  -8.04745182e-02  -2.59014130e-01]
 [ -4.17099774e-01   4.59472895e-01  -1.10818595e-01  -7.33108893e-02
   -6.36791468e-01  -1.89070836e-01   6.58355892e-01  -1.42581105e-01
   -2.31455937e-02  -4.07377303e-01  -2.28322446e-01   2.49662682e-01
    3.43481958e-01   5.52925110e-01  -5.10168493e-01   1.10759713e-01]
 [ -6.09257892e-02  -2.60547817e-01   8.22521031e-01   1.09248899e-01
    9.37618539e-02  -1.95525676e-01   1.47459865e-01  -2.10558772e-01
   -4.67877835e-01  -1.54598907e-01   3.41009915e-01  -4.66115862e-01
   -9.00452286e-02  -3.56489539e-01   2.73552865e-01  -7.51416326e-01]
 [ -6.49272323e-01   3.46466810e-01   6.01322763e-02   2.39886194e-01
   -3.21287155e-01   3.11899018e-02   1.48539022e-01   8.00049007e-01
   -1.10022046e-01   9.59748179e-02   1.40173927e-01   2.52795905e-01
   -2.19528258e-01   7.59884238e-01  -2.05674469e-01  -1.00003473e-01]
 [ -4.54300940e-01  -1.28291041e-01   6.28459454e-03   5.81225038e-01
    1.20329633e-01   2.47635931e-01   2.93918222e-01  -2.14701056e-01
   -1.32204950e-01   2.59111971e-01   4.14941251e-01   6.56032637e-02
   -1.86278090e-01   4.43078309e-01  -4.28977013e-02  -1.09484397e-01]
 [  1.57822996e-01   3.53260785e-02   3.39093924e-01  -4.65100631e-02
    2.65690982e-01  -3.22648771e-02   1.64474502e-01   2.07253873e-01
    2.73991108e-01   5.43528318e-01  -9.87274572e-02   1.20794356e+00
   -7.27475062e-02  -7.25605860e-02  -1.52352482e-01  -2.90519148e-01]
 [ -1.76068380e-01   3.15285385e-01   6.41290903e-01  -3.66966389e-02
    1.06873386e-01  -1.97937757e-01   1.53023601e-01   1.33181289e-01
    2.41014704e-01   2.73361683e-01   1.95517078e-01  -3.80541980e-01
   -1.88087583e-01  -1.94181010e-01  -1.86278105e-01  -5.76846361e-01]
 [ -2.45667845e-01  -1.28536850e-01   9.02253687e-01   5.16288243e-02
    2.46815830e-01   1.28717929e-01   4.19531226e-01  -1.98566258e-01
   -4.93937671e-01   4.23770279e-01  -5.22796884e-02  -4.94032115e-01
   -2.47842282e-01  -2.75764048e-01  -9.47006345e-02  -8.17692041e-01]
 [ -3.28137353e-02  -1.35845281e-02   8.02933499e-02   2.52129417e-02
    8.74679163e-02  -1.24966554e-01  -1.16962224e-01  -5.40431499e-01
    7.04369769e-02   3.34982961e-01   6.34334460e-02   2.84496337e-01
    8.27408656e-02  -8.72033462e-02   5.22247069e-02  -8.29564780e-02]
 [ -5.81347167e-01  -7.13531315e-01   2.11407751e-01   4.10550326e-01
   -3.44904661e-01  -1.60765961e-01   2.24838108e-01   3.76659691e-01
    4.36814398e-01   3.45177889e-01   7.33488724e-02  -2.56341487e-01
   -2.52098948e-01   5.02856076e-01  -2.71853566e-01  -2.00019568e-01]
 [ -8.01453367e-02  -2.00522155e-01   1.56218320e-01   5.80441114e-03
    1.87036991e-01   5.07086888e-02   2.05045402e-01   4.19524968e-01
    2.90925652e-01   6.66746125e-02  -4.65846993e-02  -2.34324828e-01
   -8.66926089e-02   1.68472845e-02  -1.83262723e-03  -1.25597231e-02]
 [  2.32685179e-01  -5.95681518e-02   3.11874479e-01  -2.27557011e-02
    1.37295738e-01  -3.30731153e-01   2.57247031e-01  -5.51174819e-01
   -3.74881248e-03   1.62939250e-01   5.95161878e-02   1.07267782e-01
    1.83771908e-01  -6.03812695e-01  -2.58580029e-01  -2.25235879e-01]
 [ -5.09580135e-01   6.86199665e-01  -3.38525265e-01   2.52396226e-01
    1.60273418e-01  -1.10604346e-01  -6.01134151e-02   1.27688527e-01
    9.12734717e-02   6.35572672e-01   9.90046635e-02   1.52178884e+00
   -7.41566420e-02   3.02561730e-01  -3.68770599e-01   1.09421141e-01]
 [ -7.82675982e-01   3.49295661e-02   8.51758957e-01   1.53662175e-01
   -1.59196869e-01  -4.42501307e-02   1.74628541e-01   8.93633425e-01
   -2.79715151e-01   9.80898321e-01  -2.13584602e-01   1.18256092e+00
   -4.03424829e-01   6.29184723e-01  -3.62528652e-01  -5.25324702e-01]
 [ -1.21348357e+00   8.35673690e-01   1.50771022e-01   2.66435593e-01
   -1.32584214e+00  -8.53964984e-02   6.87415600e-02   2.40767241e-01
   -1.46744713e-01   9.89434719e-02  -1.14618170e+00   3.33379693e-02
   -1.34725988e-01   8.41800809e-01  -8.39011788e-01  -1.54717445e-01]
 [ -6.82635486e-01  -4.89682704e-01  -1.61169589e-01   3.53890389e-01
    1.67850643e-01   7.74267912e-02   8.65561739e-02   8.28495920e-01
    9.12517071e-01   4.28697467e-01   2.41804570e-01   2.77524620e-01
   -3.71147454e-01   7.28859901e-01   1.54405702e-02  -1.81554168e-01]
 [ -6.82284653e-01   3.88454854e-01   1.95759505e-01   1.62819609e-01
   -8.79291713e-01  -4.94482694e-03   1.28056467e-01   2.94563230e-02
   -1.70790046e-01   1.98046923e-01  -1.07313573e+00   1.78568885e-01
   -2.14405119e-01   5.21823883e-01  -4.65341687e-01  -8.59201401e-02]
 [ -3.71755689e-01   1.44935086e-01  -6.56050518e-02   2.89422601e-01
    1.54625634e-02  -7.24134818e-02   2.06122100e-01  -3.31687927e-02
    7.54061759e-01  -5.67443334e-02   1.54713914e-01  -1.13728583e-01
   -4.48419712e-02   2.17659846e-01   2.64506359e-02  -8.54035541e-02]
 [  2.49433160e-01  -3.83926421e-01  -3.91294390e-01  -1.21235915e-01
    4.47423220e-01  -2.36181080e-01  -1.30587980e-01  -3.16992521e-01
   -3.34315002e-01  -4.50308323e-01  -1.29947394e-01   4.02871147e-02
    2.32121333e-01  -2.35790834e-01   8.18322971e-02   3.22598368e-01]]