Alice
[[  5.11664152e-03   3.24148804e-01   1.94187388e-01  -1.00451672e+00]
 [ -5.77748241e-03  -2.05888581e-02   4.56351250e-01   1.01020014e+00]
 [ -1.01506901e+00   6.51735485e-01   6.86408859e-03  -1.26610196e-03]
 [  1.58492811e-02   1.10847764e-02   5.70483923e-01   9.99919772e-01]
 [ -1.13806054e-05   3.27929592e-05   1.79822237e-05   3.56945893e-05]
 [  5.80959568e-06   7.60712646e-06   2.98398809e-05   9.37639743e-06]
 [  3.07205992e-05   2.66346142e-05   2.58791988e-06   2.32711427e-05]
 [ -5.15497268e-05  -2.16390526e-05   6.71873568e-05   6.52159815e-06]
 [ -7.78167844e-01  -2.18547964e+00   2.21129477e-01  -1.03322089e-01]
 [  5.58526739e-02  -1.47991669e+00  -1.83410831e-02   2.14371160e-02]
 [ -8.76083411e-03  -3.77137810e-01  -1.44301122e-02  -1.04453051e+00]
 [ -8.56667385e-03   5.96660189e-02   1.45103145e+00  -2.16765609e-02]]
Bob
[[ -3.10561591e-05  -4.38018665e-02  -9.47262228e-01  -5.57620704e-01]
 [  6.91527873e-03  -9.27236900e-02  -1.90804899e-03  -3.59088063e-01]
 [ -9.02592838e-02  -1.00734687e+00  -5.26416441e-03   4.16050805e-03]
 [  8.33036304e-02   6.19958878e-01   5.22125512e-03  -2.68789113e-01]
 [  1.70398143e-05   2.54066290e-05  -4.10168032e-05  -1.39853164e-05]
 [  2.35620028e-05   2.09145037e-05   5.92428441e-05   8.39445238e-06]
 [  8.23680239e-06   2.43642698e-05   1.65348192e-05   3.72815521e-07]
 [  1.29452783e-05   1.03575649e-05   9.61004389e-06   2.84994912e-05]
 [ -9.60761964e-01  -2.14213803e-02   1.17710732e-01   3.60350639e-01]
 [  1.03833731e-02   1.34844827e-02  -1.63075015e-01  -5.53406179e-01]
 [ -4.57377099e-02   5.36755145e-01   2.08138186e-03  -1.35508728e+00]
 [  2.01728126e-05  -2.47834716e-04  -1.01061428e+00   9.62450448e-03]]
Eve
[[  1.09344579e-01   3.13464195e-01  -6.18194520e-01  -1.09817004e+00]
 [ -5.94449565e-02   2.42706403e-01  -1.15932786e+00   7.86278248e-01]
 [ -1.39569008e+00   4.32880044e-01  -1.36556998e-01   8.02644566e-02]
 [  3.64994444e-02   2.45118603e-01  -9.73927677e-01   7.90853024e-01]
 [ -1.60098743e+00   1.12717241e-01   1.42340213e-01   3.92023057e-01]
 [ -1.00518212e-01   6.57034278e-01  -2.12568627e-03  -6.00125194e-01]
 [ -6.31894842e-02  -4.44769710e-01  -2.15352964e+00  -6.66146874e-01]
 [  7.30996486e-03  -3.74539316e-01  -2.37755060e-01   2.37530279e+00]
 [ -1.59276664e+00  -3.08559036e+00  -1.10115850e+00   1.86306745e-01]
 [ -1.42109171e-01  -2.97485733e+00  -1.13838732e-01   3.11888695e-01]
 [ -2.10483253e-01  -1.22095712e-01  -2.90872425e-01  -8.89120698e-01]
 [  1.71948761e-01  -8.24949384e-01  -2.48807096e+00  -1.36576128e+00]]