Alice
[[  2.69001955e-03  -2.57684500e-03   2.54388596e-03   2.65373010e-03
    2.59236526e-03  -2.58526043e-03  -2.46409536e-03   2.58836034e-03
    2.08347067e-01   2.47314572e-03  -2.64031906e-03   2.98827351e-03
   -2.25323788e-03   2.64114048e-03  -2.52773263e-03  -2.52500828e-03]
 [  2.75511504e-03  -2.60106288e-03   2.62177293e-03   2.73395190e-03
    2.67675519e-03  -2.64406414e-03  -2.54694303e-03   2.62577808e-03
    2.06904486e-01   2.52600806e-03  -2.68342602e-03   3.00807226e-03
   -2.29648524e-03   2.70128250e-03  -2.58960412e-03  -2.56798184e-03]
 [  2.75624171e-03  -2.60504009e-03   2.62772571e-03   2.74100644e-03
    2.70989398e-03  -2.66183796e-03  -2.61466671e-03   2.67115654e-03
    2.08560839e-01   2.66818819e-03  -2.63368571e-03   2.95751682e-03
   -2.40630517e-03   2.70807394e-03  -2.64365668e-03  -2.65226490e-03]
 [  2.68328167e-03  -2.53547123e-03   2.52711214e-03   2.66748085e-03
    2.61559174e-03  -2.60737864e-03  -2.50899536e-03   2.59295898e-03
    2.06451356e-01   2.51344638e-03  -2.60181050e-03   2.78565148e-03
   -2.29694857e-03   2.61946535e-03  -2.53815646e-03  -2.53736530e-03]
 [  2.68617459e-03  -2.52168672e-03   2.50770710e-03   2.62851943e-03
    2.57934676e-03  -2.54887016e-03  -2.42510950e-03   2.55094189e-03
    2.06743211e-01   2.40914687e-03  -2.61173537e-03   2.83857435e-03
   -2.22652475e-03   2.59283604e-03  -2.45051621e-03  -2.45802221e-03]
 [  2.72923382e-03  -2.58931029e-03   2.55004503e-03   2.66051712e-03
    2.58861948e-03  -2.60271854e-03  -2.40664417e-03   2.57725990e-03
    2.06143811e-01   2.42437096e-03  -2.67943460e-03   2.88594188e-03
   -2.21514120e-03   2.65770708e-03  -2.43382086e-03  -2.47778674e-03]
 [  2.71761720e-03  -2.56342534e-03   2.57329992e-03   2.65954086e-03
    2.60997307e-03  -2.56422791e-03  -2.50345306e-03   2.57682311e-03
    2.09196195e-01   2.48994469e-03  -2.62866169e-03   2.94267619e-03
   -2.27796333e-03   2.65577342e-03  -2.53910781e-03  -2.51730671e-03]
 [  2.82095489e-03  -2.70283548e-03   2.69272225e-03   2.77647376e-03
    2.70764763e-03  -2.69522634e-03  -2.60310178e-03   2.71599228e-03
    2.06718847e-01   2.56724632e-03  -2.75935163e-03   2.82632257e-03
   -2.37408630e-03   2.76856381e-03  -2.66173226e-03  -2.62658577e-03]
 [  2.82127154e-03  -2.64071464e-03   2.69311806e-03   2.81318836e-03
    2.78122909e-03  -2.69088778e-03  -2.63767177e-03   2.67496798e-03
    2.07610980e-01   2.60756467e-03  -2.74166581e-03   3.05063347e-03
   -2.38950388e-03   2.77586188e-03  -2.65672524e-03  -2.61237659e-03]
 [  2.79464736e-03  -2.64284550e-03   2.61758291e-03   2.71888659e-03
    2.64589395e-03  -2.64958455e-03  -2.55163666e-03   2.65877903e-03
    2.06209943e-01   2.53124675e-03  -2.69451644e-03   2.94694141e-03
   -2.33591138e-03   2.70671165e-03  -2.57086055e-03  -2.56820559e-03]
 [  2.88009620e-03  -2.73019867e-03   2.75546592e-03   2.84295040e-03
    2.78484635e-03  -2.74441531e-03  -2.67699733e-03   2.75818235e-03
    2.08086863e-01   2.68293452e-03  -2.80100480e-03   3.06575233e-03
   -2.43347557e-03   2.83854315e-03  -2.70572025e-03  -2.69794487e-03]
 [  2.96279462e-03  -2.83452775e-03   2.80182925e-03   2.92440993e-03
    2.85612070e-03  -2.83793150e-03  -2.74618994e-03   2.84108426e-03
    2.06258178e-01   2.73276446e-03  -2.87238602e-03   3.18884151e-03
   -2.50825053e-03   2.90052337e-03  -2.77806120e-03  -2.77489331e-03]
 [  2.66758562e-03  -2.55552446e-03   2.50271987e-03   2.59360136e-03
    2.51363940e-03  -2.55871075e-03  -2.39227084e-03   2.53583700e-03
    2.07549274e-01   2.42795935e-03  -2.57539377e-03   2.87314830e-03
   -2.18768511e-03   2.57309014e-03  -2.41340860e-03  -2.44320696e-03]
 [  2.73870211e-03  -2.56250496e-03   2.54313252e-03   2.65992689e-03
    2.60054297e-03  -2.58177309e-03  -2.43630190e-03   2.56587495e-03
    2.06667602e-01   2.43951776e-03  -2.69044843e-03   2.88471533e-03
   -2.23971182e-03   2.64824717e-03  -2.45005358e-03  -2.47183302e-03]
 [  2.83038383e-03  -2.65379506e-03   2.65513733e-03   2.74599367e-03
    2.68006860e-03  -2.66896561e-03  -2.53823190e-03   2.66439491e-03
    2.07873568e-01   2.52987933e-03  -2.75510410e-03   3.08176130e-03
   -2.31513800e-03   2.73743994e-03  -2.57769972e-03  -2.56126281e-03]
 [  2.92853615e-03  -2.76023708e-03   2.71265162e-03   2.85272743e-03
    2.77725910e-03  -2.78871250e-03  -2.64942553e-03   2.78841471e-03
    2.09511966e-01   2.63218256e-03  -2.84951134e-03   2.93034920e-03
   -2.40747631e-03   2.85161543e-03  -2.69474811e-03  -2.67893774e-03]
 [  1.99692047e+00  -2.02553463e+00   1.78579354e+00   2.07164764e+00
    2.42141056e+00  -2.22155499e+00  -2.18211365e+00   1.67393959e+00
   -1.34679839e-01   2.11289048e+00  -2.29236102e+00   2.26547933e+00
    3.21539819e-01   2.06503725e+00  -1.79750943e+00  -1.90103316e+00]
 [  2.32405615e+00  -2.27489710e+00   2.32710695e+00   2.43006611e+00
    2.18686056e+00  -2.30358839e+00  -2.28494215e+00   2.27069020e+00
   -1.76399350e-02   2.28028607e+00  -2.26231813e+00   2.54692602e+00
    1.17742188e-01   2.02067637e+00  -2.03028274e+00  -2.24124527e+00]
 [  2.35789919e+00  -2.16182470e+00   2.43492866e+00   2.39594245e+00
    2.08571792e+00  -2.25999594e+00  -2.26331210e+00   2.01350045e+00
   -6.96878508e-02   2.05601478e+00  -2.06376934e+00   2.15671134e+00
    3.23441356e-01   2.30426049e+00  -1.85680985e+00  -2.00277972e+00]
 [  2.28502584e+00  -2.16093421e+00   1.74159300e+00   2.07747984e+00
    1.80100393e+00  -1.98492062e+00  -2.31897473e+00   2.23469567e+00
    2.23415777e-01   2.08636546e+00  -2.11475277e+00   2.96252441e+00
   -3.52932513e-01   2.12868547e+00  -2.29905486e+00  -2.10395932e+00]
 [  1.89231002e+00  -2.16475296e+00   2.13126469e+00   1.99060452e+00
    2.39916635e+00  -2.25732708e+00  -2.26652241e+00   1.80197692e+00
   -1.42822579e-01   2.13624907e+00  -1.86049306e+00   2.94964409e+00
   -1.76518112e-01   2.24210882e+00  -2.27971077e+00  -2.32345009e+00]
 [  1.81467783e+00  -2.13401413e+00   2.05812287e+00   2.27556944e+00
    2.16256714e+00  -2.03104544e+00  -1.98431063e+00   2.29287100e+00
   -3.36153284e-02   2.21638203e+00  -2.16048169e+00   2.75492597e+00
    2.60896474e-01   2.19304943e+00  -2.39138460e+00  -2.44672418e+00]
 [  2.29051304e+00  -2.21275115e+00   2.28817225e+00   2.46106720e+00
    2.41394234e+00  -2.15194130e+00  -2.09605193e+00   2.29381871e+00
   -1.85552388e-01   2.37131500e+00  -2.23842001e+00   2.69816756e+00
    2.91532397e-01   1.96039391e+00  -2.23957157e+00  -2.42000389e+00]
 [  2.23419785e+00  -2.16273904e+00   1.87997806e+00   1.92814648e+00
    1.89521790e+00  -2.05603147e+00  -2.42654705e+00   2.40869236e+00
    3.36197466e-02   2.16187954e+00  -2.25599504e+00   1.60751832e+00
    1.26853287e+00   2.50259495e+00  -2.30358768e+00  -2.24122143e+00]
 [  1.93788254e+00  -1.88290870e+00   2.20213842e+00   1.86383545e+00
    1.78697336e+00  -2.27542591e+00  -2.35920358e+00   2.26806498e+00
    2.53625214e-01   2.07276940e+00  -2.40368795e+00   2.71118116e+00
   -3.06202739e-01   2.42693543e+00  -2.23495460e+00  -2.27584386e+00]
 [  2.29007387e+00  -2.30937481e+00   2.23765850e+00   2.09023190e+00
    2.17732382e+00  -2.35203910e+00  -1.77240026e+00   2.02726173e+00
   -6.97175190e-02   2.41112089e+00  -1.95240259e+00   1.59460890e+00
    1.31099319e+00   1.98921359e+00  -2.29043436e+00  -2.27146530e+00]
 [  2.25893998e+00  -2.23729420e+00   2.17499447e+00   2.04873252e+00
    2.21357346e+00  -1.86413515e+00  -2.28866506e+00   2.37485027e+00
    4.61183824e-02   2.12913346e+00  -1.85318899e+00   2.51881695e+00
   -1.98758394e-01   2.25667191e+00  -1.87529290e+00  -2.24258757e+00]
 [  2.06309819e+00  -2.14163160e+00   1.88330340e+00   2.20795345e+00
    2.40347505e+00  -2.20708513e+00  -1.90713787e+00   1.72794926e+00
   -3.19480509e-01   1.81633782e+00  -2.03478527e+00   2.91045666e+00
   -5.15161037e-01   2.28820372e+00  -1.83857799e+00  -2.13870955e+00]
 [  2.03188705e+00  -2.11179566e+00   2.22331047e+00   2.25901198e+00
    2.28879619e+00  -1.89905047e+00  -1.96023393e+00   2.18238568e+00
   -7.58676007e-02   2.13470197e+00  -2.10511875e+00   2.43632913e+00
    1.48984835e-01   2.27216077e+00  -2.26441693e+00  -1.88313067e+00]
 [  4.49149609e-01  -4.51599717e-01   4.52907950e-01   4.59383994e-01
    4.61734056e-01  -4.52168435e-01  -4.58615422e-01   4.48343098e-01
    5.02600987e-03   4.39497471e-01  -4.53501970e-01  -5.91080248e-01
   -1.55711919e-02   4.58482623e-01  -4.51875389e-01  -4.52824503e-01]
 [  2.99656057e+00  -2.90002799e+00   3.05271196e+00   2.82091355e+00
    2.76586843e+00  -2.91929126e+00  -2.80303693e+00   2.99385142e+00
    2.61614453e-02   2.95335960e+00  -2.90678191e+00   2.42074800e+00
   -1.19245994e+00   2.70379806e+00  -2.99145126e+00  -2.59161448e+00]
 [  2.04344082e+00  -2.13645291e+00   2.23434925e+00   2.13330770e+00
    2.17934489e+00  -2.11618948e+00  -2.23513508e+00   2.26090598e+00
    6.76256642e-02   2.05996823e+00  -2.40385962e+00   2.78196955e+00
   -2.14393571e-01   2.00189948e+00  -2.20004201e+00  -2.32953024e+00]]
Bob
[[ -1.92447891e-03  -2.28771474e-03   1.74008217e-03  -2.85794819e-03
    2.72438396e-03  -2.29881634e-03  -2.23947642e-03  -2.86558003e-04
   -2.77117849e-03   3.22061911e-04   2.47171079e-03  -3.31014208e-03
   -1.77895976e-03  -2.13620514e-01  -1.12592205e-02  -2.69344496e-03]
 [ -2.06983462e-03  -2.41736509e-03   1.90584338e-03  -2.99281627e-03
    2.86449562e-03  -2.42412486e-03  -2.36761221e-03  -3.94438161e-04
   -2.92393169e-03   4.48697974e-04   2.60580750e-03  -3.47470399e-03
   -1.89630070e-03  -2.16936737e-01  -1.07734613e-02  -2.81562330e-03]
 [ -2.04835134e-03  -2.36741523e-03   1.86039438e-03  -2.93550058e-03
    2.82285619e-03  -2.41431664e-03  -2.37203622e-03  -4.18286363e-04
   -2.87336879e-03   4.51147091e-04   2.56752549e-03  -3.34952376e-03
   -1.83660979e-03  -2.12333620e-01  -1.12438994e-02  -2.78086751e-03]
 [ -2.00117403e-03  -2.34891311e-03   1.83198950e-03  -2.94692232e-03
    2.79863901e-03  -2.37551704e-03  -2.29995791e-03  -3.21153027e-04
   -2.89965188e-03   3.62623920e-04   2.54743267e-03  -3.37073905e-03
   -1.80042838e-03  -2.15455025e-01  -1.10199936e-02  -2.77097174e-03]
 [ -2.03152653e-03  -2.39021005e-03   1.85903418e-03  -2.92394171e-03
    2.83417990e-03  -2.37799902e-03  -2.33241240e-03  -3.27100453e-04
   -2.89933826e-03   4.20494354e-04   2.58189160e-03  -3.42810783e-03
   -1.85601215e-03  -2.12776706e-01  -1.06037650e-02  -2.79224943e-03]
 [ -7.17415009e-03  -6.70920452e-03   9.53356270e-03   4.47812025e-03
   -1.71340758e-03  -4.85578459e-03  -6.28356403e-03  -2.56017428e-02
   -2.05815631e-05   2.73156837e-02   1.69405644e-03   9.09768138e-03
   -3.57525679e-03  -2.26073056e-01   1.33624852e-01  -2.89232557e-04]
 [ -2.17109546e-03  -2.50319229e-03   1.98262627e-03  -3.09134042e-03
    2.96931504e-03  -2.51837657e-03  -2.45479308e-03  -4.99158865e-04
   -3.05291964e-03   5.00387745e-04   2.70278589e-03  -3.51584353e-03
   -1.96828484e-03  -2.16096073e-01  -1.07006542e-02  -2.93050287e-03]
 [ -1.99375022e-03  -2.36613955e-03   1.83779059e-03  -2.91770278e-03
    2.77337665e-03  -2.32569082e-03  -2.26131175e-03  -4.06378735e-04
   -2.89677503e-03   3.81501886e-04   2.59439531e-03  -3.41071817e-03
   -1.80967199e-03  -2.14018658e-01  -1.09040169e-02  -2.77185673e-03]
 [ -1.98618020e-03  -2.35328940e-03   1.84405444e-03  -2.86875153e-03
    2.73926347e-03  -2.31755478e-03  -2.26546288e-03  -4.02482197e-04
   -2.87784706e-03   4.10916226e-04   2.55862414e-03  -3.27455625e-03
   -1.78327796e-03  -2.14126483e-01  -1.04690483e-02  -2.75800889e-03]
 [ -1.92519010e-03  -2.26936187e-03   1.74153864e-03  -2.89959041e-03
    2.74512731e-03  -2.27155373e-03  -2.22454756e-03  -2.71689525e-04
   -2.78849900e-03   3.23763496e-04   2.46874220e-03  -3.33222048e-03
   -1.75786938e-03  -2.15215132e-01  -1.06033040e-02  -2.69641890e-03]
 [ -2.00821436e-03  -2.34383997e-03   1.79062178e-03  -2.96347472e-03
    2.80992268e-03  -2.39769486e-03  -2.30595144e-03  -3.49898968e-04
   -2.86763255e-03   4.58377908e-04   2.50546518e-03  -3.36274528e-03
   -1.81761314e-03  -2.14925006e-01  -1.12671228e-02  -2.77163042e-03]
 [ -2.06238846e-03  -2.43073492e-03   1.89917325e-03  -2.96975370e-03
    2.85555865e-03  -2.39056046e-03  -2.35880073e-03  -3.96920805e-04
   -2.91190273e-03   4.14970913e-04   2.62262998e-03  -3.49980430e-03
   -1.84279168e-03  -2.14223891e-01  -1.06788352e-02  -2.81383842e-03]
 [ -2.13640160e-03  -2.47338018e-03   1.93873176e-03  -3.11048725e-03
    2.91899405e-03  -2.50333571e-03  -2.42124312e-03  -4.61759919e-04
   -3.01991170e-03   5.24631992e-04   2.64711515e-03  -3.57439322e-03
   -1.95307494e-03  -2.15779513e-01  -1.08477566e-02  -2.89125717e-03]
 [ -2.05422356e-03  -2.40521412e-03   1.91783044e-03  -2.90670083e-03
    2.78726593e-03  -2.35153083e-03  -2.30926904e-03  -3.81713384e-04
   -2.97585595e-03   4.25429986e-04   2.64518987e-03  -3.37005034e-03
   -1.80712517e-03  -2.14781523e-01  -1.06843375e-02  -2.82692304e-03]
 [ -2.11164355e-03  -2.49951403e-03   1.97784323e-03  -3.09052248e-03
    2.92670354e-03  -2.48558959e-03  -2.44407961e-03  -4.73273016e-04
   -3.00937705e-03   5.30756020e-04   2.68969941e-03  -3.54990573e-03
   -1.94565975e-03  -2.16971278e-01  -1.13055222e-02  -2.90038809e-03]
 [ -1.93864189e-03  -2.28893803e-03   1.76767982e-03  -2.85423710e-03
    2.74968171e-03  -2.31114868e-03  -2.27239286e-03  -2.68195319e-04
   -2.79467786e-03   3.33183416e-04   2.48289807e-03  -3.29662813e-03
   -1.76847202e-03  -2.14418843e-01  -1.02102486e-02  -2.68994854e-03]
 [ -2.20478702e+00  -2.21903467e+00   1.78252804e+00  -1.91362178e+00
    1.88659477e+00  -2.29698801e+00  -1.79866660e+00  -2.26765871e+00
   -2.31205106e+00   2.05656815e+00   2.26861715e+00  -1.84244764e+00
    1.45433694e-01   2.67040586e+00  -3.36826831e-01  -1.94312239e+00]
 [ -1.87269247e+00  -2.40160561e+00   2.34373021e+00  -2.20642972e+00
    2.16923213e+00  -2.07429790e+00  -2.20543289e+00  -2.03061771e+00
   -1.91127884e+00   1.94677281e+00   1.88409388e+00  -2.25574183e+00
   -1.58854112e-01   2.64070487e+00  -2.59914808e-02  -2.30002213e+00]
 [ -2.19592834e+00  -2.23534775e+00   1.96037948e+00  -2.40143466e+00
    1.83376813e+00  -2.17818284e+00  -1.89321101e+00  -2.20543885e+00
   -1.86712623e+00   1.87419283e+00   2.11677408e+00  -2.25485659e+00
   -5.54493666e-02   2.45045877e+00  -3.40201318e-01  -2.15766025e+00]
 [ -1.87556696e+00  -2.19022846e+00   2.26082301e+00  -2.01692224e+00
    1.85603797e+00  -2.14631462e+00  -2.21212649e+00  -2.11646390e+00
   -2.29703856e+00   2.11464286e+00   1.94602478e+00  -2.22095013e+00
    1.43204316e-01   2.47296214e+00  -6.17633946e-02  -1.95906520e+00]
 [ -2.49713874e+00  -1.94074333e+00   2.12526870e+00  -2.10801744e+00
    2.41328573e+00  -1.82317281e+00  -2.03324533e+00  -2.26658797e+00
   -2.00618672e+00   2.35140204e+00   2.36732602e+00  -2.20565772e+00
    1.78476229e-01   2.42784214e+00  -1.18976511e-01  -2.39292622e+00]
 [ -2.06951427e+00  -2.11925578e+00   1.89706135e+00  -2.30188131e+00
    2.33018708e+00  -2.48984265e+00  -2.26351953e+00  -2.01298213e+00
   -2.08094668e+00   2.41975355e+00   2.29707122e+00  -2.35151696e+00
    1.14019595e-01   2.61331320e+00   1.70732647e-01  -2.16120458e+00]
 [ -1.93561590e+00  -1.97217202e+00   2.10043979e+00  -2.31094790e+00
    2.41748214e+00  -1.89888072e+00  -2.26351571e+00  -2.08291626e+00
   -2.31526160e+00   2.25563073e+00   1.83864641e+00  -2.31201196e+00
   -3.20502296e-02   2.12253809e+00  -3.07731092e-01  -2.26632524e+00]
 [ -2.23148084e+00  -2.06656647e+00   2.44421697e+00  -2.35080457e+00
    2.25399637e+00  -2.54767203e+00  -2.22456598e+00  -2.05102348e+00
   -2.33347940e+00   1.99225807e+00   1.82863593e+00  -2.01581001e+00
   -9.90730897e-02   2.47592473e+00  -1.10014692e-01  -2.07339001e+00]
 [ -6.44941986e-01  -6.43747389e-01   6.36949241e-01  -6.45314753e-01
    6.44487858e-01  -6.44124985e-01  -6.41392708e-01  -6.25598907e-01
   -6.45412266e-01   6.13436460e-01   6.45021498e-01  -6.44748330e-01
   -9.94364083e-01   6.19535923e-01  -1.72832031e-02  -6.46172404e-01]
 [ -2.01456499e+00  -2.29484487e+00   2.35015178e+00  -2.26535058e+00
    2.13649297e+00  -2.38463759e+00  -2.19268417e+00  -2.03665853e+00
   -2.27282453e+00   2.06806898e+00   2.36845660e+00  -1.87183297e+00
   -7.50052854e-02   2.25801635e+00  -2.52315611e-01  -2.34201217e+00]
 [ -1.95477962e+00  -2.09291863e+00   2.33745766e+00  -1.89863575e+00
    1.95544815e+00  -1.97791111e+00  -2.13074541e+00  -2.02345657e+00
   -1.97257090e+00   2.23642659e+00   2.22686195e+00  -2.12490773e+00
    6.92682117e-02   2.81356835e+00  -5.68854734e-02  -2.36774111e+00]
 [ -1.98869407e+00  -2.29264545e+00   2.46562481e+00  -2.00298715e+00
    2.42311764e+00  -2.01197481e+00  -2.24932122e+00  -2.30711412e+00
   -2.27202702e+00   2.45414686e+00   2.38105059e+00  -2.25052714e+00
    4.04690625e-03   2.24545765e+00  -8.67621228e-02  -1.93602073e+00]
 [ -2.19730759e+00  -1.92999983e+00   1.80167198e+00  -2.21830821e+00
    2.18366432e+00  -2.25234365e+00  -2.24999809e+00  -2.14040971e+00
   -2.37347198e+00   2.42444921e+00   2.03537345e+00  -2.37381554e+00
    4.56030637e-01   2.06318021e+00  -3.33600491e-02  -2.35277176e+00]
 [ -2.47441244e+00  -1.94427550e+00   2.38429904e+00  -1.97281635e+00
    2.31896973e+00  -2.01350331e+00  -2.31324434e+00  -2.34166193e+00
   -2.36849999e+00   2.28061438e+00   1.94322288e+00  -2.07056093e+00
    4.31811698e-02   2.60358524e+00  -2.37205595e-01  -2.07453156e+00]
 [ -2.44569421e+00  -2.18323326e+00   2.10099912e+00  -2.10315990e+00
    2.30514097e+00  -2.12281513e+00  -2.05871725e+00  -2.27373958e+00
   -1.85550010e+00   2.24932694e+00   2.43354964e+00  -1.90852940e+00
   -1.64167911e-01   2.12509799e+00  -3.30610901e-01  -2.19748259e+00]
 [ -2.42022896e+00  -2.35260487e+00   2.03169799e+00  -2.38216639e+00
    1.88833559e+00  -2.11115766e+00  -2.28454661e+00  -2.38488603e+00
   -1.99561369e+00   1.93414068e+00   2.40751433e+00  -2.26625824e+00
   -1.23977542e-01   2.33818078e+00   5.74435703e-02  -1.83175921e+00]]
Eve
[[-2.78052902 -3.29594326  2.86124349  3.03500319  2.8778491   2.83848
  -3.23308492  2.93641472 -2.63014674  2.91250825  3.250741   -2.75361347
   2.43830514  3.31637621 -2.74278975 -2.94203687]
 [-3.12172985 -3.31159163  3.28862023  3.03585887  3.37428236  3.12238383
  -3.14409566  3.34593964 -2.52146316  3.35780883  3.11506414 -2.97472739
   2.09147382  3.34136963 -3.3864572  -2.78525448]
 [-3.28094602 -2.82776237  2.82737088  3.21105647  3.30220747  3.38843298
  -2.85766721  3.04053736 -2.81914806  3.39268041  2.82688332 -2.71357656
   2.50423741  3.44441867 -3.18801069 -3.31724882]
 [-2.76387286 -3.27940536  2.96479273  2.91835928  2.62486577  2.89895391
  -2.98243594  2.98592877 -2.98325276  2.88525653  2.78635931 -3.18606925
   2.26598597  2.99032354 -2.72932529 -3.30588794]
 [-3.07029104 -3.10010457  3.3190794   2.92299533  3.0477829   3.17382836
  -3.03062797  3.20706344 -2.65762806  2.96073699  3.41380882 -2.74287248
   2.29665303  2.86619139 -3.17089081 -3.19204354]
 [-3.2156918  -3.06312704  3.46851683  3.03868842  3.16531944  3.00528908
  -3.36305499  3.00699258 -2.90080762  3.11125159  3.1016314  -2.91806412
   2.39959431  3.39748716 -3.41458964 -2.77581716]
 [-3.05037761 -2.79571271  3.2015543   3.45564079  3.28584337  2.76602244
  -2.9415307   3.43718219 -2.81343508  2.98127389  3.47935629 -3.24414802
   2.22584009  2.98366094 -3.11031795 -3.40108252]
 [-3.28640389 -3.04927516  3.20731711  3.04817152  3.17765903  3.39995289
  -3.30062246  3.00414157 -2.79146624  3.01997232  3.08838272 -2.8600986
   2.26721454  3.20077395 -3.15015459 -3.22150373]
 [-2.88474655 -2.93918157  2.86430979  2.92645311  2.91377759  2.93109894
  -2.91802073  2.87752175 -2.67220378  2.90147829  2.85996819 -2.82403255
   0.03794467  2.8699429  -2.90267944 -2.88888097]
 [-2.83306146 -3.37782645  3.35798264  2.99538088  3.35332394  3.04823041
  -3.42130041  3.26918793 -3.10247493  3.16689944  3.46202183 -3.16814351
   2.40503097  3.47385168 -3.03872085 -3.20618916]
 [-3.1384151  -2.8370254   2.94504476  3.11237311  2.90777707  3.34606814
  -3.41149998  2.94079781 -2.61014104  3.24570775  3.11909056 -3.06882215
   2.31649613  3.16170049 -3.14597154 -3.16040134]
 [-2.96717334 -3.30562687  3.46083331  3.17140293  3.0497148   3.19128895
  -3.0042541   2.97665882 -3.19075251  2.86745858  3.05774951 -3.34074759
   2.43147707  3.02827024 -3.24844861 -3.06035113]
 [-3.30235529 -2.91889119  3.1768086   2.84958506  3.38550234  2.94444489
  -3.22309923  3.25165796 -2.97815037  3.33800006  2.8018136  -3.11403918
   2.26106739  3.54501939 -3.34298015 -3.29005146]
 [-2.87279248 -2.80041528  3.10788608  3.42706871  3.33035493  3.31831813
  -3.19736719  3.08418322 -3.0080893   3.39848757  3.02085042 -3.04001665
   2.37296963  2.80102992 -3.40488791 -3.14642143]
 [-3.33257294 -3.35059786  2.96384716  2.91872573  3.37033916  3.17015862
  -3.10913062  2.72404385 -3.15610647  3.0173347   2.80691504 -3.07905006
   2.2858727   3.43028712 -2.98793554 -3.39114785]
 [-2.82010603 -3.40868092  3.05418491  3.06015921  3.38973069  3.18132114
  -3.36590862  3.36465597 -2.54971075  3.30477762  3.08447909 -3.29986668
   2.4831593   3.0805912  -3.12027621 -3.0477972 ]
 [-3.27917719 -2.97241163  2.73951125  3.02508712  2.9810698   2.84609675
  -3.27378178  3.25878191 -3.05656815  2.87159944  2.95389724 -2.94444418
   0.01468498  3.06684446 -3.07346416 -2.96898532]
 [-3.26487827 -2.73724079  3.23927045  3.12605095  2.92365742  2.69088483
  -3.0454967   2.84453082 -2.62317109  3.31398153  3.01616144 -3.11237741
  -0.05690494  2.69445801 -2.73377395 -2.99759221]
 [-2.80923653 -3.10820746  3.12569761  3.11389971  3.38077068  2.90839982
  -3.01520729  3.08689213 -2.82142901  3.31221676  3.39763474 -3.29657483
  -0.14307785  3.40342712 -2.93134785 -2.84304404]
 [-3.21515822 -3.20879054  3.32669926  3.09492373  3.33917284  3.06469107
  -3.30703139  3.20852113 -3.02208257  3.39675903  3.11874676 -2.8282752
   2.33904195  3.40142608 -3.04859209 -3.35242248]
 [-3.17476058 -3.04201436  2.75561929  3.43476653  3.41718936  3.12183285
  -2.9273243   3.40790796 -3.28960347  2.7302134   3.13043332 -3.21814537
   2.69742727  3.37587786 -3.1472311  -3.02961493]
 [-3.26576281 -2.83979058  2.76536775  3.18629789  3.26519847  3.07980919
  -2.7688086   3.0900197  -2.77312088  3.23886609  3.08014035 -2.99351239
   0.85203826  3.09099364 -3.19621325 -3.27402925]
 [-3.36887002 -2.91507196  2.95242023  3.31220937  2.8408525   3.09984112
  -2.72044063  3.35658789 -2.93984246  2.86341405  3.20208693 -3.11493778
   0.40542161  3.40422297 -2.97743058 -2.9050355 ]
 [-2.89234591 -2.90484405  2.79373407  3.17095304  3.45876908  3.37939692
  -3.43665838  3.36434436 -3.35879254  3.03492355  3.09800196 -2.87093019
  -0.8064515   3.3206737  -3.36148596 -2.82097435]
 [-2.98488998 -2.99338126  2.87615418  2.68931866  3.01157212  2.65760851
  -2.70426297  3.02199507 -3.10962439  2.7682333   2.99443769 -2.91075349
   1.92357779  3.19474006 -3.06355357 -2.96513724]
 [-3.04326749 -2.8765707   3.1419363   2.91568947  2.69678211  2.90896726
  -2.98449492  2.7716639  -3.19490409  2.75984883  3.30364704 -2.71226215
  -0.47643957  3.02412343 -2.7016685  -2.88744092]
 [-2.98059416 -3.02647948  3.32857203  3.28922987  2.95700169  2.85395503
  -3.29961729  2.79384065 -3.06110287  2.85665751  2.86032987 -3.11705136
   1.26237118  3.20641255 -2.91487885 -3.2544446 ]
 [-2.81142473 -3.11211371  3.0514555   2.86637712  2.87748981  3.35585499
  -3.31308174  2.79320288 -2.64026308  3.07185936  2.88821888 -3.04756618
   2.64769936  2.95352173 -2.71401763 -3.30452609]
 [-2.75898075 -2.75898147  3.25404239  3.01542521  2.69283581  2.89272738
  -3.14951015  3.15128016 -3.2678895   3.13538766  2.88425851 -2.93842363
   0.13095777  2.98396468 -2.66069174 -2.61318302]
 [-2.83298755 -2.77028251  2.90453434  2.7874186   2.82226062  2.7781744
  -2.7830081   2.8602457  -0.19142202  2.78291702  2.9032445   0.45300242
   0.24033903  2.90701413 -2.87339664 -2.79943609]
 [-3.40919828 -3.18263769  3.44391108  3.33900809  3.14917278  3.25690079
  -3.13432431  3.39596367 -3.12225842  3.48669362  3.44524741 -3.06156039
   3.02320218  3.26095629 -2.94718552 -3.19120646]
 [-2.95710421 -3.29886484  3.03287768  2.69008589  3.17680264  3.33557987
  -3.31935239  3.09801412 -2.82433009  3.16688228  3.16194034 -2.79544353
   2.20783949  2.80655646 -2.83819556 -2.93303442]]