Alice
[[ -4.77762148e-03  -8.61157179e-02  -8.17581713e-02  -1.59717593e-02]
 [  9.42439079e-01  -3.91541600e-01  -2.98115075e-01   3.55396062e-01]
 [ -9.70874727e-01  -1.47651970e-01  -1.97528943e-01   7.06267118e-01]
 [ -3.61802313e-03  -4.70809005e-02  -5.67358583e-02   6.94974959e-01]
 [ -5.58932871e-03  -8.00212473e-02  -9.67577845e-02   8.79911408e-02]
 [ -4.51365579e-03  -6.50975257e-02  -7.87058994e-02   7.15402216e-02]
 [ -6.10100571e-03  -8.71388614e-02  -1.05370134e-01   9.58104804e-02]
 [ -6.45864010e-03  -9.25853774e-02  -1.11934915e-01   1.01784699e-01]
 [ -1.28964856e-02  -3.28465057e-06  -5.39347684e-06  -5.78699801e-05]
 [  2.00339749e-01  -2.64897555e-01  -5.96765101e-01   3.60843927e-01]
 [ -1.61732376e-01  -6.08454466e-01  -4.84513760e-01   4.75372881e-01]
 [  3.79491061e-01  -5.44983685e-01  -2.51485348e-01   7.69185007e-01]]
Bob
[[  6.50604144e-02   3.71735282e-02   1.99425723e-02   1.01353945e-02]
 [ -2.62450218e-01   2.71023214e-01   1.32270336e-01   7.87722021e-02]
 [  1.27401698e+00   2.01344877e-01   2.56853163e-01  -1.04902407e-04]
 [ -6.43326342e-01   4.07242806e-05  -1.22232712e-04   6.23330416e-05]
 [ -1.09678105e-01   1.15747459e-01   1.36054680e-01   4.23044944e-03]
 [ -1.09022252e-01   1.15012035e-01   1.35201126e-01   4.19605710e-03]
 [ -1.37908831e-01   1.45512864e-01   1.71057254e-01   5.31266723e-03]
 [ -1.18632942e-01   1.25157237e-01   1.47123560e-01   4.57336195e-03]
 [ -2.68855838e-05   1.86141933e-05  -8.74021225e-07   1.08212006e+00]
 [ -2.97453284e-01   4.77238327e-01   7.81783223e-01  -1.07053280e-01]
 [ -6.63392901e-01   4.32410508e-01   3.53400409e-01  -4.20092419e-02]
 [  5.51660232e-05   1.73252811e-05   6.30476370e-06  -1.18216164e-02]]
Eve
[[  9.53479018e-03   9.03046355e-02   6.50781319e-02   3.49619269e-01]
 [  3.08687340e-05   1.78551227e-01  -1.44699812e-01   4.97877628e-01]
 [  2.11378671e-02   2.10951138e-02   8.98422524e-02   1.29987508e-01]
 [ -1.97527371e-02   2.32473224e-01   2.80879736e-01   3.10399890e+00]
 [ -3.08140230e+00   5.14137000e-02   1.63652133e-02   2.78231788e+00]
 [ -1.87972918e-01   1.17065537e+00   1.13368976e+00  -1.15059167e-01]
 [  8.79646763e-02   1.35753524e+00   1.77481425e+00  -2.76764095e-01]
 [ -1.07219212e-01   2.78200150e-01   4.28250223e-01  -4.50362116e-01]
 [  8.41141716e-02   7.59976655e-02   1.27275754e-02  -3.08292896e-01]
 [  2.18315274e-01   6.48258388e-01   8.76301885e-01  -2.90053874e-01]
 [ -1.76546112e-01   1.70037925e+00   1.82060301e+00   4.26687002e-01]
 [ -7.70587862e-01  -2.79083215e-02  -3.92717898e-01   2.32006107e-02]]