Alice
[[  1.26108444e+00  -3.43346931e-02   3.10666412e-01   4.99857366e-01]
 [  4.80196983e-01  -3.55685042e-05   3.79959960e-03   3.77597007e-06]
 [  1.26108623e+00  -3.43457758e-02   3.10706943e-01   4.99895990e-01]
 [  9.99476075e-01   2.92995036e-01  -9.99908924e-01   1.00031912e+00]
 [ -9.00819759e-06   4.15768554e-05  -2.48691667e-05   5.49820379e-06]
 [  3.78456061e-05  -1.16836645e-05   1.06896205e-05  -1.95849407e-06]
 [  4.27952546e-06  -3.75530453e-06  -1.69024079e-05  -5.58800548e-06]
 [ -8.76401100e-06   1.79249764e-06   5.29069484e-06   1.24055214e-05]
 [ -2.09150314e-02  -5.53451836e-01  -3.13479304e-01   2.86255240e-01]
 [  5.73608733e-04  -9.31227347e-04  -1.21294463e-03  -4.07329295e-03]
 [  4.70452309e-01  -3.26352689e-04   1.00412309e+00   9.97194231e-01]
 [ -4.68778729e-01  -9.30527568e-01  -6.07687771e-01   1.00359035e+00]]
Bob
[[  2.95622973e-04  -1.00227833e+00   4.50803927e-05   5.00405908e-01]
 [ -2.52451282e-05  -9.92826045e-01   9.99604046e-01  -8.92569020e-04]
 [  2.91880919e-04  -1.00224483e+00   1.28252605e-05   5.00358641e-01]
 [ -2.29786932e-02  -5.30738533e-01  -8.11405829e-04   5.87728500e-05]
 [ -2.33353603e-05  -5.14767362e-06   3.70212001e-05   3.43683532e-05]
 [ -5.38694667e-06   6.16522884e-05   1.19278784e-05   1.51409258e-05]
 [  2.02028077e-05   4.29936881e-05   9.49945479e-06   6.10217012e-06]
 [ -1.53269066e-05   2.57226602e-05   1.33307431e-05   7.23207268e-06]
 [ -1.97921705e+00   2.24882131e-03   3.64151131e-03  -1.47003646e-03]
 [  2.11604282e-01  -1.26288939e+00  -1.13182151e+00  -7.16521859e-01]
 [ -6.52130917e-02  -5.03360093e-01  -1.95385635e+00  -3.19674551e-01]
 [  1.00514483e+00   3.96599650e-01   1.27607560e+00   2.51433551e-01]]
Eve
[[ 0.02701505  0.89750832 -0.29618353  0.13160542]
 [-0.24709509  0.12812598  1.61162174  0.03392749]
 [ 0.02714025  0.89746815 -0.29652283  0.1298182 ]
 [ 0.41839024 -0.51213902 -2.03118229  1.41353881]
 [ 3.70366311 -0.09021417  0.49568003 -0.51813489]
 [-0.71285081 -1.11527491 -1.90955102  0.92715889]
 [-0.69693744 -0.45029759 -1.54179931  0.46762007]
 [-1.3211875   0.38434908  0.69342089 -0.09165321]
 [-0.32564694 -0.01918427 -1.55824852 -0.42383513]
 [ 1.11608267  0.02261836 -0.35862657  3.2918098 ]
 [ 0.28088653 -0.16778481  1.54038358 -0.04776709]
 [-0.05700944  1.27836418  0.52109194 -0.12332471]]