Alice
[[ -1.12412462e-03   1.08629104e-03   9.60469712e-04 ...,  -1.07258244e-03
   -1.19981274e-03   8.47464486e-04]
 [ -1.05708477e-03   1.03482744e-03   9.08339338e-04 ...,  -1.02371641e-03
   -1.14410382e-03   8.06246011e-04]
 [ -1.16230862e-03   1.10625452e-03   1.02335878e-03 ...,  -1.11627416e-03
   -1.25755661e-03   9.12140647e-04]
 ..., 
 [ -1.49615049e+00   1.55980122e+00   1.42769384e+00 ...,  -1.19008732e+00
   -1.48413634e+00   1.33027768e+00]
 [ -1.57786298e+00   1.46519256e+00   1.46906626e+00 ...,  -1.54827392e+00
   -1.27122021e+00   1.25284386e+00]
 [ -1.54022288e+00   1.76472056e+00   1.56365097e+00 ...,  -1.54989493e+00
   -1.62435198e+00   1.44665492e+00]]
Bob
[[  1.19595940e-03   1.11411919e-03   1.12303498e-03 ...,  -1.20334595e-03
    1.15388527e-03   1.07685721e-03]
 [  1.32373709e-03   1.24093017e-03   1.25774310e-03 ...,  -1.32304034e-03
    1.26934622e-03   1.21657865e-03]
 [  1.13095739e-03   1.04008173e-03   1.04827387e-03 ...,  -1.14754727e-03
    1.08684145e-03   9.75017552e-04]
 ..., 
 [  1.54658699e+00   1.20200992e+00   1.58424318e+00 ...,  -1.29137588e+00
    1.29025722e+00  -1.55182719e+00]
 [  1.24417770e+00   1.34863484e+00   1.48062670e+00 ...,  -1.28801417e+00
    1.13385630e+00  -1.56789434e+00]
 [  1.37420344e+00   1.31608701e+00   1.48347437e+00 ...,  -1.60061920e+00
    1.62176764e+00  -1.37149727e+00]]
Eve
[[-3.04182935  2.41283274 -3.12797594 ...,  3.18094945 -3.32536936
   3.34896183]
 [-3.14445758  2.25255942 -3.29606485 ...,  2.90847826 -3.16101193
   3.07695961]
 [-3.22975135  2.58388281 -3.00726366 ...,  3.38633776 -3.21124887
   3.13843203]
 ..., 
 [-3.0394392   2.33652902 -2.95880675 ...,  3.16489601 -3.10406828
   2.86359549]
 [-3.23785591  2.40688539 -2.90419054 ...,  3.06108761 -3.2137959
   3.05566216]
 [-3.24370027  2.31840658 -3.22267222 ...,  3.18837881 -3.26172376
   2.91992617]]