Alice
[[ 0.02955725  0.05211907  0.10773193 -0.00661824  0.06133138  0.0662606
  -0.01656313  0.03648682]
 [ 0.02950975 -0.01549206 -0.02332129  0.01777507  0.02026335 -0.0155548
  -0.01322783  0.01695099]
 [-0.13193186 -0.01073035 -0.0446015   0.00564798  0.01535607  0.04634611
  -0.04360116  0.02839797]
 [ 0.01831631 -0.05210524 -0.03336135 -0.06624264 -0.00362163  0.07446933
   0.06878156 -0.06311684]
 [ 0.01948285  0.06277151 -0.04043426 -0.07017288 -0.07759045 -0.0384378
  -0.01294965  0.03623632]
 [ 0.03082277 -0.01574294 -0.02391794  0.01795019  0.02051983 -0.0161375
  -0.01377769  0.01728835]
 [ 0.02977584 -0.0152915  -0.02311105  0.01709219  0.02027991 -0.01532932
  -0.01317225  0.0169165 ]
 [ 0.03016437 -0.01584241 -0.02364504  0.01766364  0.02034625 -0.01611045
  -0.01409134  0.01752359]
 [ 1.55716836  0.25551739 -1.54023969  0.31719685  1.83274949  1.52136672
  -0.09416056  1.5777806 ]
 [ 1.89981937  0.11809468 -1.86929703  0.1613787   1.64592004  2.06075048
  -0.35519505  1.79796624]
 [ 2.23140693  0.03149852 -1.96648085  0.10221038  2.11503696  1.93950796
  -0.13559538  1.98381662]
 [ 2.13453054  0.02106242 -2.15495586  0.06243221  2.19956899  2.32371783
   0.09525533  2.0771265 ]
 [ 2.2660687  -0.16984898 -2.07116055  0.03690911  2.09795785  2.20815468
   0.08583066  2.21858835]
 [ 2.44545412  0.07724572 -2.2640636   0.12192374  2.36911297  2.60261512
   0.17631453  2.21963215]
 [ 1.26321399 -0.49822581 -1.66914809  0.11073401  1.23409855  1.20087349
   0.15235333  1.06558907]
 [ 1.48748755  0.07496373 -1.29650009 -0.60913932  1.38359845  1.297212
   0.15019998  1.87709653]]
Bob
[[ 0.02863397 -0.00906505  0.02705714  0.01878731  0.02107629 -0.02531075
   0.02191078 -0.02073719]
 [ 0.0266007  -0.00872814  0.02667178  0.0191284   0.02110083 -0.02534692
   0.02179837 -0.02031421]
 [ 0.02646295 -0.00814427  0.02679719  0.01927797  0.02117946 -0.02436801
   0.02123622 -0.02064811]
 [-0.05738198  0.03345592  0.03512305 -0.09584168  0.01796378 -0.04010182
   0.04434146  0.08390407]
 [-0.0447042   0.03356217  0.03641635  0.01876072 -0.09834953 -0.0430524
  -0.08572669 -0.03969971]
 [-0.06528864  0.0353588   0.0394414   0.01285068  0.01047383  0.11979218
   0.04232581 -0.04311161]
 [ 0.02646961 -0.00773818  0.02600181  0.0191063   0.02101329 -0.02579715
   0.02101027 -0.02030803]
 [-0.10261551 -0.03207704 -0.11558112  0.00484786  0.00296144 -0.01680773
   0.04996535 -0.04502978]
 [-2.14826751 -0.13382928  2.34644151 -0.04322831 -0.07646187 -2.30118871
   1.94994009 -2.14807987]
 [-2.26515627 -0.1049025   2.32256579 -0.00782259  0.37416315 -2.38169837
   2.34871864 -2.09389043]
 [-1.82009053 -0.07739885  2.03090239 -0.03142663  0.2610966  -1.99394333
   2.44314694 -1.92218733]
 [-2.07914233 -0.12949173  2.46816611  0.64130896 -0.19097839 -2.44316936
   2.41274309 -2.3071928 ]
 [-1.76011038 -0.0359229   1.86479032 -0.3043288   0.27810541 -1.62015867
   1.38943064 -1.52453887]
 [-2.16324329 -0.10719839  2.07156014  0.097018   -0.04978658 -2.3747685
   2.24205804 -2.20877767]
 [-2.18570757  0.75617802  1.57363117 -0.4100295   0.03798434 -2.30279589
   2.01198959 -2.19708276]
 [-1.24024618  0.03326935  1.76658821  0.12285343 -0.52940565 -1.33901823
   1.3208518  -1.8405565 ]]
Eve
[[ 3.97162223  0.55761659  3.61929512  1.03805423  3.7583003   3.30253601
   0.01494912  3.18224096]
 [ 3.70546627  2.73659277  3.90973139  0.11987451  3.11218524  3.28252244
  -0.55728847  3.91286325]
 [ 3.2834959   1.32364047  3.46900773  0.82447588  4.01490784  3.31797814
  -0.35007691  3.92976761]
 [ 3.56804156 -0.40814865  3.15678358  2.9821384   3.82522917  3.79906392
  -0.07539293  3.43389463]
 [ 3.78371453  0.93610603  3.8124907  -1.16030943  3.23449469  3.29031825
  -1.00816226  3.5480454 ]
 [ 3.37744927  0.7585991   3.52293491  1.32798588  3.27286029  3.73253274
   0.31115422  3.79107761]
 [ 3.34552193 -0.38865003  3.66811132 -0.42892322  3.89294958  3.70346308
  -2.09231615  3.33960795]
 [ 3.24026108 -0.53634661  3.18136215  0.20218982  3.97077107  3.56375718
  -1.4444809   3.27241278]
 [ 3.85867238 -0.06983639  3.57488537 -0.40375015  3.59392047  3.09058738
  -0.81789154  3.29918098]
 [ 3.81170201  0.70976382  3.25435662  0.31479409  3.05738807  2.98587823
  -1.88025546  3.28321791]
 [ 3.32705808  0.48340866  3.87140322  0.42854455  3.8120563   3.62210727
  -1.34135652  3.50878143]
 [ 3.43432879  0.94697881  2.99540949  2.98676085  3.74949813  3.59120893
  -0.30242378  3.29251456]
 [ 3.42243385  3.10762787  3.11994648  1.27726901  3.1899693   3.74677396
  -0.39716381  3.5459826 ]
 [ 3.36439514  0.54679424  3.954566    0.44419837  3.48768306  3.66670752
  -0.30415997  3.53223777]
 [ 3.19278169  1.75736904  4.04168749 -0.10340207  3.88700199  3.96314955
   0.02815623  3.80493379]
 [ 3.83743787  0.22043277  3.38406944  2.31767941  3.31399035  3.60053802
  -0.08842511  3.47127628]]