Alice
[[ -7.78291225e-01   1.38428062e-01  -1.36789739e-01  -8.62969011e-02]
 [  3.64722222e-01   2.27729678e-01  -2.25052565e-01  -1.41972840e-01]
 [  8.13653171e-01   9.83860612e-01   1.00407910e+00  -3.56040388e-01]
 [  2.02487469e-01   1.26455069e-01  -1.24950752e-01   9.21167791e-01]
 [  2.57807583e-01   1.60976604e-01  -1.59057528e-01  -1.00358494e-01]
 [  2.60111749e-01   1.62419409e-01  -1.60484463e-01  -1.01275645e-01]
 [  2.58355290e-01   1.61323681e-01  -1.59407869e-01  -1.00577757e-01]
 [  2.58151144e-01   1.61198869e-01  -1.59277186e-01  -1.00518681e-01]
 [ -7.58693457e-01   1.00199747e+00   5.42536199e-01  -2.39222184e-01]
 [ -5.57084240e-06  -4.08246524e-06  -1.19442029e-06  -1.61885455e-05]
 [  1.11200525e-05   5.98077986e-06  -6.54013320e-06   9.40999598e-06]
 [ -8.52479100e-01  -1.95948407e-03   4.57554400e-01  -3.72779906e-01]]
Bob
[[ -1.12029932e-01   6.85527548e-02   1.18046558e+00   1.12021372e-01]
 [ -2.26861715e-01   1.38845727e-01   3.65540832e-01   2.26911470e-01]
 [  1.00314403e+00   3.96473378e-01   8.24618101e-01  -1.00323308e+00]
 [ -1.11998893e-01  -9.31450129e-01   1.80513695e-01   1.12041734e-01]
 [ -1.66239828e-01   1.01744026e-01   2.67833382e-01   1.66222766e-01]
 [ -1.62600964e-01   9.94860977e-02   2.61955410e-01   1.62584737e-01]
 [ -1.65808246e-01   1.01455539e-01   2.67118305e-01   1.65799305e-01]
 [ -1.66531831e-01   1.01900823e-01   2.68321037e-01   1.66535959e-01]
 [ -2.49363948e-05   8.11501377e-06  -1.15041421e-05   8.71417978e-06]
 [ -2.51807213e-01   6.28188670e-01  -9.27800596e-01  -8.35911691e-01]
 [ -7.57219493e-01  -4.80009755e-03  -6.81777596e-01  -1.54111207e-01]
 [  4.26779206e-06  -4.81932784e-06  -1.55082889e-05   1.69485047e-05]]
Eve
[[-2.26410723  0.78305733  0.46112439  0.46231228]
 [ 1.18389118  0.66316038  0.79167843  0.3933835 ]
 [ 2.19973516 -2.81251001 -2.60363007  1.28691268]
 [ 0.98688143  0.29894212  0.40023857 -2.80334401]
 [ 0.42266312  0.37682882 -0.04449723  0.27862212]
 [-0.92844176  0.82321995 -0.87658602  0.50824738]
 [-0.58903927  0.84120303 -0.1340306   0.59755129]
 [-0.08458401  0.34963673  0.24429922  0.15050218]
 [-0.85241199  0.80805713 -0.40507007  0.40847886]
 [ 0.33569434  0.05295691 -0.16549748 -0.08178031]
 [ 0.38920572  0.42113209 -0.05335825  0.22695145]
 [-0.56960738  0.97425318 -0.77193588  0.72488475]]