Alice
[[  1.10615965e-03   1.19215995e-01  -1.22127333e-03 ...,  -1.16305088e-03
    1.20667019e-03   1.26651267e-03]
 [  1.09625433e-03   1.17338553e-01  -1.25863706e-03 ...,  -1.17936963e-03
    1.22792204e-03   1.25584961e-03]
 [  1.08905474e-03   1.17338881e-01  -1.25203421e-03 ...,  -1.16151478e-03
    1.23136374e-03   1.23288424e-03]
 ..., 
 [ -1.58862734e+00  -1.38061929e+00  -1.56739604e+00 ...,  -1.68006563e+00
    1.67388403e+00   1.37145340e+00]
 [ -1.36261535e+00  -1.50845337e+00  -1.56984448e+00 ...,  -1.49848449e+00
    1.43921614e+00   1.36138332e+00]
 [ -1.29560208e+00  -1.29778361e+00  -1.29728198e+00 ...,  -1.25712073e+00
    1.63196957e+00   1.54981720e+00]]
Bob
[[ -1.15144536e-01   1.20167120e-03   1.23534619e-03 ...,   1.24418340e-03
    1.21751789e-03   1.16122223e-03]
 [ -1.14883125e-01   1.14761177e-03   1.17701315e-03 ...,   1.20255398e-03
    1.15963642e-03   1.10053131e-03]
 [ -1.16400480e-01   1.21942349e-03   1.23008725e-03 ...,   1.26540184e-03
    1.21599296e-03   1.16405124e-03]
 ..., 
 [  1.12967634e+00   1.62280691e+00   1.53497040e+00 ...,   1.42026246e+00
    1.48140836e+00   1.46787632e+00]
 [  1.14305723e+00   1.25710392e+00   1.24377751e+00 ...,   1.59679711e+00
    1.45791149e+00   1.56798124e+00]
 [  1.19714618e+00   1.45482254e+00   1.39930964e+00 ...,   1.49666739e+00
    1.43663979e+00   1.58972347e+00]]
Eve
[[-2.70586157  2.89263511 -3.24557471 ..., -3.17548203 -3.12740946
  -3.21034932]
 [-1.32078815  2.15873456 -1.36850345 ..., -1.47569406 -1.51071215
  -1.43819094]
 [-2.84866428  2.87205052 -3.22496676 ..., -3.24747705 -3.17773914
  -2.82376266]
 ..., 
 [-2.90979624  3.04075336 -2.82069349 ..., -2.84828353 -3.08964252
  -3.1708045 ]
 [-2.89429307  3.00972366 -2.89805865 ..., -3.32109666 -3.35321212
  -2.94887114]
 [-2.98910761  2.90122843 -3.15310287 ..., -3.08288336 -3.23870945
  -3.19358253]]