Alice
[[ -1.74395796e-02  -1.20638423e-02  -2.13606488e-02  -9.54922214e-02
    4.06425213e-03   8.99819434e-02   1.64914932e-02  -1.59845993e-04
   -5.99190108e-02  -1.18475266e-01  -2.62866654e-02  -1.35165229e-01
    2.40896316e-03   1.58201158e-01  -8.65807850e-03   8.50404352e-02]
 [ -1.20781455e-03  -5.17157139e-03  -8.32994469e-03  -1.07877262e-01
    3.36625166e-02   5.46745099e-02   3.82483378e-02  -1.25032375e-02
   -5.32934591e-02  -1.18697345e-01  -5.22430353e-02  -5.90051003e-02
   -3.77350167e-04   6.05224930e-02  -4.01276946e-01   9.99289900e-02]
 [  1.07655944e-02  -5.62577546e-01   9.19795316e-03  -1.03810318e-01
   -4.12466452e-02   2.21958086e-02   7.96577260e-02  -8.36594217e-03
    1.08597554e-01  -6.42680898e-02  -1.03649981e-02  -7.89585710e-02
   -1.95375353e-04   1.71957957e-03  -4.66840155e-02   1.04608633e-01]
 [ -3.27265672e-02   3.30994138e-03  -4.13520671e-02  -1.06773257e-01
   -6.75643459e-02   3.37342359e-02  -3.19695435e-02  -2.50254921e-03
   -2.65206397e-02  -6.64006099e-02  -4.37558405e-02   5.08021330e-03
   -1.81881443e-03  -2.79555060e-02  -2.95371357e-02   9.83168781e-02]
 [  2.11248128e-03  -7.78587908e-03   9.50270146e-03  -9.93782952e-02
    2.53033452e-02   9.44122300e-02  -3.44803324e-03   1.13461902e-02
   -1.33011952e-01  -7.19030797e-02  -2.84441691e-02  -1.70841441e-02
    3.00638983e-03  -4.65097018e-02  -2.73497887e-02   9.88641605e-02]
 [  2.38264501e-02   8.94478988e-04  -6.51064217e-02  -9.00306851e-02
   -2.32433341e-02   2.31827237e-02   1.22513607e-01  -5.72886504e-03
   -6.10540695e-02  -9.54129398e-02  -1.10017926e-01  -2.73652449e-02
   -5.19844354e-04   7.23683164e-02  -2.93875001e-02   9.54326764e-02]
 [ -4.63141536e-04  -2.22456697e-02   1.36105828e-02  -1.19712621e-01
   -1.33253150e-02   1.29346654e-01   2.01539602e-02   4.55975831e-02
    1.19350362e-03  -7.02048242e-02  -1.40223086e-01  -3.75388004e-02
    1.00804448e+00   3.19688432e-02  -6.84832707e-02   1.16705984e-01]
 [ -6.02267087e-02  -2.30877250e-02   4.31054644e-02  -9.86434892e-02
   -2.06656605e-02   8.93423557e-02  -3.17819640e-02  -2.33676028e-03
   -1.13984989e-02  -8.06195736e-02  -3.27536138e-03  -5.03628701e-02
    2.31606117e-03   4.53026518e-02  -4.61969562e-02   9.62008536e-02]
 [ -8.33138172e-03  -1.98730603e-02  -8.05467460e-03  -9.47716832e-02
   -1.29671609e-02   1.18535802e-01   1.59580668e-03  -9.70043056e-03
   -3.91959436e-02  -9.16070640e-02  -6.28260300e-02  -3.30632143e-02
    4.25019860e-03   1.22605013e-02  -1.80319212e-02   9.39427391e-02]
 [  2.01437324e-02  -1.58638936e-02   2.62101665e-02  -9.63532552e-02
   -6.08066171e-02   5.46572916e-03  -4.97374833e-02   2.56399419e-02
    2.60425713e-02  -4.87778932e-02  -5.30912578e-02   1.50865287e-01
    1.33406592e-03  -1.78870618e-01  -5.86202592e-02   1.06749132e-01]
 [ -3.27178016e-02  -2.40692738e-02   2.61449795e-02  -1.00176342e-01
   -4.20494564e-02   4.64265868e-02   3.56098861e-02  -7.23267626e-03
    1.84326395e-02  -8.87835324e-02  -6.70009851e-02  -2.53921356e-02
    1.03034591e-03   8.81480798e-02  -3.02706063e-02   1.06725983e-01]
 [ -1.84190907e-02   2.17824522e-02   2.05416605e-02  -1.34251803e-01
    1.20549209e-01   1.11268699e-01   1.47152245e-01  -7.25517049e-03
   -3.43556583e-01  -5.16246073e-02  -3.60568836e-02  -2.25893959e-01
   -1.05875754e-03   2.46806979e-01  -7.81164914e-02   1.17975712e-01]
 [ -1.46998474e-02   1.67993072e-03  -5.40635176e-02  -9.88509208e-02
   -1.10385865e-02   5.07618189e-02   6.04283735e-02  -5.45937428e-03
   -6.09049127e-02  -1.21209174e-01  -6.93721175e-02  -9.93376672e-02
   -1.95500237e-04   1.28619179e-01  -2.19323784e-02   9.31318328e-02]
 [ -4.00365405e-02  -1.23612378e-02   1.11453170e-02  -1.08008437e-01
   -1.83939394e-02   5.31987734e-02   5.91628673e-03  -5.60104381e-03
   -2.84372028e-02  -8.86848420e-02  -4.64402065e-02  -5.12635633e-02
    3.64316569e-04   7.64815360e-02  -5.35839163e-02   1.05712689e-01]
 [ -2.38844678e-02  -1.11351430e-03  -4.31749746e-02  -1.10872664e-01
   -5.60738631e-02   6.19548671e-02  -3.72758973e-03  -9.71465744e-03
   -3.04146446e-02  -8.13585818e-02  -6.23794757e-02  -4.60121855e-02
   -5.34735271e-04   5.67676127e-02  -2.57813316e-02   9.93929058e-02]
 [ -3.16704214e-02  -1.68766119e-02   3.75177339e-02  -1.18918046e-01
   -1.81000773e-02   5.76955266e-02   3.65404412e-02  -6.59794547e-03
   -2.26919577e-02  -8.55489001e-02  -7.91731849e-02  -5.44273527e-03
    5.74338192e-04   2.49958392e-02  -2.08761901e-01   1.17591381e-01]
 [ -2.26870794e-02  -1.04358990e-03  -3.46182548e-02  -7.47072399e-02
   -1.08768409e-02  -2.28250958e-03   1.65917259e-02   1.05210291e-02
   -2.59977579e-02  -9.74852592e-02  -1.66368503e-02  -1.98071767e-02
   -3.63080669e-03   1.17398780e-02   5.18449442e-03   7.93175027e-02]
 [ -2.47722808e-02  -5.00627933e-03  -3.21526453e-02  -7.47389123e-02
   -1.96467545e-02  -4.13976563e-03   1.15699256e-02   1.46179646e-02
   -1.25609729e-02  -9.59805027e-02  -2.12560594e-02  -1.64561886e-02
   -7.35656125e-04   1.03977099e-02   2.17518806e-02   7.78106973e-02]
 [ -2.33759359e-02  -2.96044350e-03  -3.03094797e-02  -6.97032586e-02
   -1.43805407e-02  -3.20487493e-03   1.21584907e-02   1.15325991e-02
   -1.72954574e-02  -9.07642543e-02  -1.88384037e-02  -1.67980716e-02
   -2.10428471e-03   9.77729540e-03   1.33472187e-02   7.32283890e-02]
 [ -1.74968187e-02  -4.13826108e-03  -3.35373133e-02  -6.97903335e-02
   -1.80727504e-02  -2.85861199e-03   1.49206342e-02   1.47482157e-02
   -1.41509883e-02  -8.69289935e-02  -1.47210918e-02  -1.58669315e-02
   -2.44795345e-04   1.22072529e-02   1.77591853e-02   7.26097971e-02]
 [ -2.38175672e-02  -3.07070604e-03  -3.47772799e-02  -7.69930780e-02
   -1.56071773e-02  -3.16034094e-03   1.49655407e-02   1.30565194e-02
   -2.01682560e-02  -9.93672088e-02  -1.89508498e-02  -1.88122503e-02
   -2.20411690e-03   1.16241220e-02   1.34745259e-02   8.09482634e-02]
 [ -7.53633119e-03   1.25477661e-03  -4.44357321e-02  -7.46705383e-02
   -8.27080943e-03   7.16671930e-04   2.84326635e-02   1.25604710e-02
   -3.49888951e-02  -9.07500610e-02  -2.24685250e-03  -2.17567924e-02
   -3.22184153e-03   1.86414700e-02  -4.94113471e-03   7.96168447e-02]
 [ -2.38433648e-02  -5.90253063e-03  -3.20949480e-02  -7.42632672e-02
   -2.16031838e-02  -4.30926448e-03   1.10706668e-02   1.57584455e-02
   -9.67606809e-03  -9.44596827e-02  -2.11634748e-02  -1.55760311e-02
    1.76475340e-04   1.05569717e-02   2.51297634e-02   7.68506899e-02]
 [ -3.36933918e-02  -8.22035503e-03  -2.59622261e-02  -7.50323534e-02
   -2.53953300e-02  -6.59923721e-03   2.91861081e-03   1.55907627e-02
   -1.29276444e-03  -9.91580859e-02  -3.10530886e-02  -1.38873179e-02
    5.08395373e-04   6.13980694e-03   3.52611504e-02   7.71357343e-02]
 [ -2.75239833e-02  -2.21029925e-03  -3.33791785e-02  -7.78737366e-02
   -1.32736498e-02  -3.37478728e-03   1.37503184e-02   1.10920025e-02
   -2.29103211e-02  -1.02943853e-01  -2.14174185e-02  -1.97380614e-02
   -3.34825623e-03   1.03785330e-02   1.03129651e-02   8.24057609e-02]
 [ -2.25125104e-02  -2.85347039e-03  -3.31652761e-02  -7.32545182e-02
   -1.48239294e-02  -3.02425702e-03   1.43614421e-02   1.24170836e-02
   -1.93478037e-02  -9.45073217e-02  -1.78916939e-02  -1.79347135e-02
   -2.07909546e-03   1.11519992e-02   1.27473669e-02   7.70006254e-02]
 [  2.16734987e-02   1.89442630e-03  -6.26356080e-02  -7.52720311e-02
   -1.20818540e-02   5.01963450e-03   4.80690524e-02   2.12762970e-02
   -4.02828008e-02  -7.58657083e-02   2.27891598e-02  -2.25165021e-02
    7.03344471e-04   3.17989327e-02  -8.61069281e-03   7.91909993e-02]
 [  1.51015483e-02   3.06410762e-03  -6.25957698e-02  -8.07085708e-02
   -9.08387639e-03   4.64145467e-03   4.73108664e-02   1.89982392e-02
   -4.57081236e-02  -8.65220800e-02   1.83505677e-02  -2.50178110e-02
   -1.37762958e-03   3.05824783e-02  -1.32212136e-02   8.57647881e-02]
 [ -1.18062897e-02  -2.08591833e-03  -3.93488146e-02  -7.24259913e-02
   -1.48070231e-02  -1.23134186e-03   2.16496643e-02   1.47075495e-02
   -2.25731600e-02  -8.83131102e-02  -8.31616204e-03  -1.83164738e-02
   -1.07250060e-03   1.57149825e-02   9.03838407e-03   7.60702640e-02]
 [ -1.35570187e-02  -4.20133676e-03  -3.80123518e-02  -7.29690269e-02
   -1.91492550e-02  -2.21278449e-03   1.87728666e-02   1.67248789e-02
   -1.58619843e-02  -8.85092318e-02  -1.12650646e-02  -1.67869534e-02
    2.78222433e-04   1.48827164e-02   1.75700337e-02   7.58042857e-02]
 [ -3.78842540e-02  -1.01931430e-02  -2.06071511e-02  -7.18767792e-02
   -2.85923965e-02  -7.97258038e-03  -3.01670795e-03   1.58908591e-02
    6.81413477e-03  -9.63624269e-02  -3.61760780e-02  -1.13151772e-02
    1.45392679e-03   3.18161305e-03   4.35126945e-02   7.30074048e-02]
 [ -3.88459638e-02  -4.24198853e-03  -2.31707655e-02  -7.36024380e-02
   -1.51228905e-02  -5.77157503e-03   2.70375493e-03   8.90184473e-03
   -1.33373374e-02  -1.02867626e-01  -3.25735956e-02  -1.68684684e-02
   -3.51411151e-03   3.86515213e-03   1.88668743e-02   7.74705559e-02]
 [ -4.79793921e-02  -4.19604145e-02  -2.08553746e-02  -4.24690843e-02
   -2.70381391e-01   5.30632362e-02   1.89225823e-01   3.37805092e-01
   -1.68395773e-01   2.13051904e-02  -7.40164518e-02   1.42081752e-01
   -8.93075019e-02   2.03732550e-02   3.76818515e-02   2.19485924e-01]
 [ -2.53298998e-01   9.88585353e-02  -3.27957720e-01   6.58092871e-02
   -3.41102183e-01  -4.92333770e-02   7.20606968e-02   7.07817897e-02
    2.39623770e-01   7.52804428e-02   2.42317636e-02  -3.95380892e-02
   -2.11901024e-01  -1.66373968e-01  -8.80926847e-02  -4.35447926e-03]
 [ -2.59065539e-01   6.24316931e-02  -2.58377701e-01  -3.89528759e-02
    1.42050549e-01  -3.10046412e-02  -7.69036233e-01  -4.78787348e-02
   -1.29847109e-01   3.03394888e-02  -3.30204348e-04  -7.10372478e-02
   -8.24103281e-02   2.53245438e-04   2.43887573e-01   3.87788452e-02]
 [ -4.73039113e-02  -3.15025151e-02   1.97487026e-02   1.49996281e-01
   -3.74017209e-01  -2.92038973e-02   9.74532217e-02   2.41059549e-02
   -2.02877715e-01  -2.00908363e-01  -1.60539046e-01   2.49684229e-01
   -2.12130353e-01   2.05407143e-01   2.38945305e-01  -7.09773898e-02]
 [ -8.62268656e-02   3.17462720e-02  -6.63724262e-03  -7.26921558e-02
   -2.79687762e-01  -1.20233804e-01   3.59619945e-01   4.65733260e-02
    1.74979225e-01  -3.73481289e-02  -1.20022766e-01   7.13031292e-02
   -7.42691234e-02   6.11508712e-02   2.86893070e-01  -5.52538693e-01]
 [ -1.17701456e-01   8.82998854e-02  -1.96904466e-01  -1.32004037e-01
   -7.77303427e-02  -2.70705312e-01   1.98835030e-01  -2.88717270e-01
   -3.35355699e-01  -8.27441737e-03  -7.20349476e-02   7.41194114e-02
   -5.02412245e-02   1.36187196e-01   4.37968783e-02   7.28326291e-02]
 [ -2.45834768e-01  -1.68109629e-02  -1.93930686e-01   4.01385725e-02
    1.06006764e-01   4.43030261e-02  -1.50415733e-01  -8.15662518e-02
    9.82275978e-02   2.43499428e-01  -4.48120851e-03   1.51345372e-01
   -4.90997255e-01  -3.41760635e-04   4.57461566e-01  -4.07816889e-03]
 [ -1.88460678e-01   2.84616858e-01  -2.78468937e-01   5.95932841e-01
   -1.86441049e-01  -4.48150724e-01   3.86403538e-02  -3.07586137e-02
   -3.24502848e-02  -3.79807390e-02   9.53878388e-02   1.61707550e-01
   -2.11393565e-01  -1.13710262e-01  -1.24558061e-02   3.22016060e-01]
 [ -1.29750744e-02   9.70778987e-02  -3.64023214e-03  -1.73843652e-02
    5.40328175e-02   1.47811370e-02   1.01273537e-01  -9.24061891e-03
   -1.52982637e-01   2.63889786e-02  -2.99680121e-02  -1.02440968e-01
   -2.16432642e-02   1.86251611e-01   1.85302668e-03  -2.31633941e-03]
 [ -9.76505950e-02  -7.28442788e-01  -4.21065427e-02  -6.42561540e-02
    5.44591658e-02   1.52970761e-01  -3.26625705e-02  -9.30360169e-04
   -2.43703157e-01   5.16736582e-02  -1.38519049e-01   8.88695195e-02
    2.62853075e-02   3.33042920e-01  -8.89671966e-02   6.54402897e-02]
 [  5.97324014e-01   5.72763197e-02  -4.34239894e-01  -1.12292290e-01
   -2.70850629e-01  -1.85894892e-01  -5.80294095e-02  -5.74284904e-02
   -2.13304102e-01  -6.24914058e-02   4.02201638e-02   2.37776637e-02
   -2.22598329e-01   2.24351317e-01   9.19831917e-02   2.13253014e-02]
 [ -3.25928107e-02   5.46135679e-02  -1.63570151e-01  -5.98275810e-02
   -2.90691763e-01  -7.49366684e-03  -1.75167665e-01   1.53525367e-01
   -5.32621324e-01  -9.37268808e-02  -7.09217489e-02  -6.99326722e-03
   -5.33706369e-03   1.21867761e-01   3.53665292e-01  -9.46763530e-03]
 [ -3.81772935e-01   8.11982825e-02   5.19568861e-01   2.79683829e-03
   -1.10231981e-01  -1.12740606e-01  -4.20774780e-02   4.07827236e-02
   -3.34771156e-01   6.61551626e-03  -1.65396631e-01  -8.78472626e-02
   -1.27688125e-01   9.27969068e-03   1.05990954e-01  -1.32333055e-01]
 [ -8.21154192e-02  -7.89033622e-02  -8.66361186e-02   5.76530732e-02
    9.47690457e-02   2.60564983e-01   2.18849331e-01  -1.56277999e-01
   -5.03884489e-03  -6.43306822e-02  -2.62350202e-01   8.06873262e-01
    5.30858450e-02  -3.34549099e-01  -4.45995247e-03  -2.69856527e-02]
 [ -1.22445300e-01  -8.99460837e-02  -8.10656045e-03   3.11421677e-02
   -1.13119334e-01  -7.18569517e-01   7.67451599e-02  -7.68811852e-02
    3.16313431e-02   2.28339005e-02  -4.88940775e-02  -6.26661256e-02
   -7.49791786e-02  -6.95420429e-03  -3.42283063e-02  -1.80248693e-02]
 [ -2.78062314e-01  -1.09554417e-01   9.20956880e-02  -1.68894492e-02
   -1.19322985e-01   3.10750175e-02  -1.24716446e-01  -4.61066030e-02
   -2.40864418e-02  -1.32496431e-01   2.28877310e-02   8.87790993e-02
   -2.34501764e-01   2.46086746e-01   2.75208205e-01   5.78200771e-03]]
Bob
[[ -1.75383221e-02  -1.85721414e-03  -9.09005851e-02  -1.00605682e-01
   -4.94888537e-02   4.63390760e-02  -1.08441189e-01  -6.18598685e-02
   -1.46945685e-01   4.29777056e-02   2.13539321e-02  -2.58669257e-02
    3.17875370e-02  -1.40034594e-02  -1.87527239e-02   2.92168930e-02]
 [ -9.44409072e-02  -1.94053426e-01  -9.10439044e-02   4.42163832e-02
   -4.77205180e-02   8.35182965e-02  -1.46491468e-01   6.55334489e-03
   -3.92167568e-02   1.83057319e-02   3.07491403e-02   8.26022252e-02
    3.60433608e-02   2.19202582e-02  -1.73661280e-02   4.66842428e-02]
 [  9.18163359e-03   3.07980161e-02  -9.11859870e-02  -1.99296474e-02
   -1.07924558e-01   4.57523111e-03  -9.08961371e-02  -6.57487065e-02
   -2.96992473e-02   6.09613478e-01   5.80558516e-02  -6.59144148e-02
   -4.81668580e-03  -2.41570752e-02  -6.10921569e-02   9.36516821e-02]
 [ -1.69717092e-02  -4.93584014e-02  -9.08321738e-02  -8.24007392e-03
   -6.62235990e-02   2.37381682e-02  -1.14119209e-01  -6.79341843e-03
    1.63541473e-02   3.40522546e-03   2.80862842e-02  -2.48062313e-02
    1.33124869e-02   6.98232353e-02  -1.60368327e-02   5.65178432e-02]
 [ -2.87419688e-02   9.13013238e-03  -9.09555405e-02  -5.96645698e-02
   -1.77590530e-02   3.58170643e-02  -1.05706707e-01  -9.60798711e-02
    7.14303851e-02   1.42710023e-02   4.16543372e-02  -9.99277309e-02
    5.89244217e-02   1.06828839e-01  -3.40295993e-02   8.38755891e-02]
 [ -1.50643717e-02  -2.62515321e-02  -9.12108943e-02  -3.58123966e-02
    2.53632646e-02  -1.03258737e-03  -9.69662219e-02  -1.51330763e-02
   -4.84172925e-02   1.90348774e-02   1.37022743e-02  -1.27000678e-02
    6.26524538e-02  -1.31931715e-02   5.38529223e-03   6.40663505e-02]
 [ -5.02554327e-02  -6.28421158e-02  -9.11633149e-02   2.01028213e-02
   -8.38887319e-03   2.82698184e-01  -1.13066353e-01  -6.80336636e-03
   -4.64223959e-02  -7.10270461e-03   4.07345481e-02  -3.02041750e-02
    2.88834199e-02   7.00700236e-03  -3.59094851e-02   9.63917598e-02]
 [ -4.13113423e-02  -8.39705020e-02  -9.08818468e-02   5.61287254e-03
   -2.49880087e-02   6.18035719e-02  -1.08303368e-01  -2.69482695e-02
   -4.62362356e-02   7.02422438e-03   8.49841982e-02  -1.56067510e-03
    3.68091576e-02  -1.86811481e-02  -2.02700663e-02   8.03043880e-03]
 [ -3.28102186e-02  -4.83699776e-02  -9.08370763e-02  -2.55977064e-02
   -5.00967093e-02   1.50679909e-02  -1.07252218e-01  -6.68899566e-02
    3.83256283e-03   1.31391566e-02   6.17906675e-02   2.87945736e-02
    6.95501342e-02  -2.58675702e-02  -3.47280391e-02   4.70558666e-02]
 [ -1.62912477e-02  -9.48695242e-02  -9.09961984e-02   4.92664091e-02
    3.39992484e-03  -6.04034029e-03  -8.91802385e-02  -5.25643565e-02
    2.19756857e-01  -5.07553183e-02   8.51393119e-02  -5.88517748e-02
    6.68832511e-02   2.58142501e-01  -4.10090014e-03   1.09436505e-01]
 [ -1.81274135e-02  -8.18718374e-02  -9.10102278e-02   7.85643235e-03
    2.12664623e-02   4.02806886e-02  -1.07951604e-01  -2.51473603e-03
   -8.58380646e-02   3.60988802e-03   1.06470637e-01  -1.47220958e-02
    4.49261218e-02  -2.59343558e-03   5.52677037e-03   3.10318563e-02]
 [ -1.53804496e-02   8.58875960e-02  -9.11506042e-02  -1.26848504e-01
    5.71522713e-02   1.36956796e-01  -1.26547813e-01  -6.53290004e-02
   -2.31519163e-01   8.45635310e-02   3.28567326e-02  -2.02407852e-01
    1.82272382e-02  -2.81869546e-02  -3.81583460e-02   5.80713712e-02]
 [ -1.53846340e-02  -1.33579830e-02  -9.11132842e-02  -7.25686625e-02
   -2.78725773e-02   2.84022801e-02  -1.02626629e-01  -2.00264528e-02
   -1.26618236e-01   3.46630737e-02   2.03335602e-02  -9.52098891e-03
    2.34346353e-02  -2.93047652e-02  -1.96634117e-03   3.50417979e-02]
 [ -2.57568490e-02  -4.35131863e-02  -9.09752324e-02  -1.69858597e-02
   -2.92592887e-02   5.88216633e-02  -1.13145247e-01  -9.58366902e-04
   -9.41129550e-02   1.45198675e-02   6.57999590e-02  -5.36839850e-02
    4.64229695e-02   1.55939497e-02  -5.98220667e-03   4.23305668e-02]
 [ -1.37257082e-02  -4.72807437e-02  -9.10232142e-02  -2.99534742e-02
   -6.70141131e-02   2.75965631e-02  -1.20532565e-01  -1.73230842e-02
   -6.20712861e-02   1.83106549e-02   4.16869298e-02   2.30741524e-03
    1.62412506e-02   1.47110960e-02  -1.89403091e-02   4.80581746e-02]
 [ -6.78744316e-02  -1.63780451e-01  -9.11520794e-02   6.53551668e-02
    1.54781789e-02   6.41480833e-02  -1.34349525e-01   6.37173932e-03
   -1.22514227e-02  -2.10230285e-03   1.04818702e-01   3.32197808e-02
    4.30164412e-02   6.76769065e-03  -5.40920533e-03   4.19996530e-02]
 [ -5.64666139e-03  -3.98089290e-02  -9.09955278e-02  -2.31451336e-02
   -3.77604901e-03   8.89127981e-03  -6.08383566e-02  -7.28167314e-03
   -6.57004770e-03   3.49538983e-03   3.30443271e-02  -5.64426556e-03
    5.36516728e-03   1.45288594e-02  -3.69779468e-02   9.35800374e-03]
 [ -9.78087075e-03  -4.53855246e-02  -9.09388661e-02  -2.07264405e-02
   -3.61165800e-03   8.92172102e-03  -6.65969625e-02  -6.94520352e-03
   -9.61982086e-03  -3.29193193e-04   2.94141639e-02  -3.70411645e-03
    1.07910354e-02  -7.19178515e-03  -5.93926571e-02   5.07813226e-03]
 [ -1.48994559e-02  -6.12690486e-03  -9.09328833e-02  -3.78120728e-02
   -1.75394509e-02   1.55679621e-02  -6.81623966e-02   1.96358204e-04
   -2.02951021e-02   7.16597168e-03   5.82429301e-03  -5.61558157e-02
    4.06208858e-02   3.66524383e-02  -4.40814486e-03   3.11652403e-02]
 [ -1.44075928e-02  -1.59926265e-02  -9.08572078e-02  -3.68721671e-02
   -1.46817472e-02   1.53419012e-02  -7.57734552e-02   8.51705950e-03
   -3.09357792e-02   6.53609913e-03   3.74701247e-02  -5.07963449e-02
    1.62094720e-02   1.84538104e-02  -2.12722588e-02   2.19439268e-02]
 [ -1.63935125e-02   6.48747757e-03  -9.08154175e-02  -4.55643088e-02
   -2.22293995e-02   1.85019821e-02  -7.31001943e-02   9.04280040e-03
   -3.19329239e-02   1.08668674e-02   1.66103505e-02  -7.73585886e-02
    3.74539047e-02   4.83364947e-02   1.36372633e-02   3.78762931e-02]
 [ -2.29597222e-02   3.88548331e-04  -9.07400623e-02  -4.33578640e-02
   -2.27496047e-02   1.90636013e-02  -8.28169733e-02   1.12212356e-02
   -3.88117246e-02   5.60300052e-03   1.31121306e-02  -7.84063265e-02
    4.50733118e-02   1.73630938e-02  -1.73857082e-02   3.26059945e-02]
 [ -1.78320836e-02  -3.29319350e-02  -9.07832831e-02  -2.46089008e-02
   -1.02246879e-02   1.17085017e-02  -7.18843341e-02  -7.14762090e-03
   -1.35945044e-02  -2.48991325e-03   1.19261246e-03  -2.45564226e-02
    4.09350656e-02  -1.20585756e-02  -6.11827299e-02   1.36527279e-02]
 [ -1.01836426e-02  -2.00357977e-02  -9.09127966e-02  -3.25231180e-02
   -1.16172228e-02   1.29609760e-02  -6.55830801e-02  -8.83241650e-04
   -1.67410746e-02   6.54949853e-03   2.47470159e-02  -3.58499102e-02
    1.98880285e-02   2.94143278e-02  -1.51754711e-02   2.16547828e-02]
 [ -5.86613175e-03  -3.14309224e-02  -9.10577103e-02  -2.50847731e-02
   -6.29355386e-03   9.53395572e-03  -5.64202890e-02  -1.11760702e-02
   -1.53299200e-03   4.81154118e-03   1.55319767e-02  -1.23592457e-02
    1.94629803e-02   2.92535275e-02  -2.20059864e-02   1.64213683e-02]
 [ -4.94342064e-03  -2.52173357e-02  -9.09825042e-02  -3.01864576e-02
   -8.05268623e-03   1.11686429e-02  -5.95500730e-02  -3.49845178e-03
   -1.05306283e-02   8.14672653e-03   3.33457626e-02  -2.35615056e-02
    7.56475003e-03   3.84029411e-02  -8.62757023e-03   1.89029388e-02]
 [ -1.00734169e-02  -3.15913670e-02  -9.07816142e-02  -2.76633557e-02
   -8.00954830e-03   1.13423634e-02  -6.73260987e-02  -1.94685743e-03
   -1.57134198e-02   3.59616615e-03   3.12163029e-02  -2.24932171e-02
    1.28451502e-02   1.13792382e-02  -3.59576046e-02   1.36271538e-02]
 [ -1.53993042e-02  -9.76970047e-03  -9.09390971e-02  -3.58678438e-02
   -1.65630337e-02   1.49832787e-02  -6.83864206e-02  -1.28128717e-03
   -1.88455172e-02   5.67781040e-03   3.92269716e-03  -5.16339689e-02
    4.16283831e-02   3.02203931e-02  -1.21440981e-02   2.89497320e-02]
 [ -1.63781065e-02  -2.29068147e-03  -9.09312069e-02  -4.00235690e-02
   -1.93266477e-02   1.66001879e-02  -7.05422685e-02   2.61894870e-03
   -2.41211802e-02   7.59501616e-03   6.19534170e-03  -6.33893758e-02
    4.27111275e-02   3.73297483e-02  -1.92093558e-03   3.32281999e-02]
 [ -7.80575024e-03  -2.80860383e-02  -9.10208002e-02  -3.02207991e-02
   -8.40558298e-03   1.17140040e-02  -6.60414994e-02   5.04266820e-04
   -1.73581671e-02   6.40771026e-03   4.03166562e-02  -2.58788187e-02
    5.05131111e-03   2.32637879e-02  -2.26430781e-02   1.56959742e-02]
 [ -1.34445708e-02  -4.29218402e-03  -9.08348784e-02  -4.03731205e-02
   -1.77539829e-02   1.62642449e-02  -6.97573423e-02   5.21782832e-03
   -2.57851388e-02   9.35419090e-03   2.12689508e-02  -6.02543391e-02
    2.90054679e-02   4.17022482e-02   2.96934810e-03   3.12436093e-02]
 [ -1.46583654e-02  -6.06019143e-03  -9.09672678e-02  -3.95945162e-02
   -1.76810157e-02   1.61850248e-02  -7.15059862e-02   5.22814272e-03
   -2.65997611e-02   8.12686328e-03   1.99844930e-02  -5.95560782e-02
    3.07487585e-02   3.51524800e-02  -3.87641904e-03   2.99175978e-02]
 [  2.17901066e-01  -2.15743169e-01   8.71312469e-02  -2.21051723e-01
   -1.54133309e-02   9.45130065e-02   2.14696988e-01  -1.78013712e-01
    1.25359416e-01  -4.89945598e-02  -4.45086569e-01  -1.28460318e-01
    4.03608203e-01  -1.99016571e-01  -1.44838899e-01   1.53236344e-01]
 [ -5.04435692e-03  -1.92083210e-01  -3.53662968e-02   9.66401473e-02
    2.41275281e-01   8.51500109e-02   2.11814921e-02   1.52919635e-01
   -3.88745278e-01   7.07481027e-01  -6.94975629e-02  -8.71085674e-02
    1.03791691e-01   1.83330942e-02   1.85953245e-01  -1.47304283e-02]
 [ -5.15877791e-02  -2.49962211e-01  -2.64664978e-01   5.33489436e-02
    3.00609350e-01   4.31620955e-01   4.40495983e-02  -1.84760988e-01
    6.98825577e-03   5.88783175e-02   4.41866398e-01  -1.36137744e-02
   -3.07035685e-01  -4.62614149e-02   1.33026853e-01   4.11563143e-02]
 [  4.41486649e-02  -1.77902102e-01   2.80841980e-02   2.87897170e-01
   -5.12538791e-01   3.89015108e-01   1.16029225e-01  -5.90979695e-01
    1.44861527e-02   1.48561019e-02   1.94552392e-01   1.89277753e-01
    4.34774384e-02   1.74676359e-01  -9.57471281e-02  -4.94218012e-03]
 [  5.08767031e-02   2.28892267e-02  -9.89787057e-02   1.50943205e-01
   -5.94295487e-02   2.76941955e-01  -4.19887900e-01   1.48775309e-01
   -4.59987321e-04  -3.04539632e-02   1.66821152e-01   2.28097707e-01
    1.14041105e-01   7.82185793e-02   1.04866922e-02  -1.63222596e-01]
 [  2.27522433e-01  -3.68514247e-02  -8.96311849e-02  -5.73106222e-02
    2.87237048e-01   9.10208002e-02  -6.47190362e-02   1.62750080e-01
   -2.29521006e-01  -1.50709108e-01  -1.20308161e-01  -3.98390532e-01
   -1.65984541e-01   7.66322166e-02   4.38556433e-01  -1.89816803e-01]
 [  4.09235014e-03  -1.50909066e-01  -4.64004487e-01  -1.12555481e-01
   -3.31932038e-01   1.19623199e-01   1.77727953e-01  -1.30554348e-01
   -2.58989781e-01  -5.87128289e-02   1.59710139e-01  -3.07752013e-01
   -4.97202165e-02   1.18327372e-01  -2.27639094e-01  -9.29389223e-02]
 [ -2.78663069e-01   1.14032671e-01  -2.29376256e-01   2.16608364e-02
   -1.67281646e-02   3.86052936e-01  -1.26592100e-01   1.23418629e-01
   -1.72315892e-02   4.71374206e-02   2.41079807e-01   3.51459868e-02
    1.10555127e-01  -4.41756435e-02  -9.23155993e-02   7.39968196e-02]
 [  3.80374119e-02  -1.96132034e-01  -2.47206744e-02   2.53358632e-01
    3.39859277e-02  -2.89096637e-03   1.58956990e-01   1.52935162e-01
   -1.39544472e-01  -2.18155123e-02   8.86239335e-02  -6.92261517e-01
    1.61478400e-01  -6.94846213e-02   1.77672535e-01  -1.15694940e-01]
 [ -2.00278405e-02   1.73014998e-02  -8.51462875e-03   5.21409214e-01
   -4.95265834e-02  -6.30173907e-02   7.93345738e-03   4.62900242e-03
    1.78662012e-04   1.11524640e-02   2.88967416e-02  -3.08356248e-02
    3.39048356e-02  -3.57545465e-02   4.32124324e-02  -1.19689293e-03]
 [  3.93107049e-02  -1.13903750e-02  -1.00916676e-01   1.41182458e-02
    1.68455876e-02   1.31802022e-01   4.52703871e-02   6.75317869e-02
    9.64544248e-03   9.28418618e-03  -7.62882307e-02  -1.04429558e-01
    7.87105113e-02   5.27129062e-02   3.18481922e-02   7.24755168e-01]
 [ -9.22745690e-02  -7.34704509e-02  -1.14025921e-01   3.18710178e-01
   -1.48974906e-03  -1.49177819e-01  -4.71054157e-03   1.58559188e-01
   -1.93606347e-01  -1.17394060e-01   1.38531610e-01  -2.56759673e-01
    1.48550242e-01  -2.87066281e-01  -6.14856593e-02   2.49109581e-01]
 [  3.78745124e-02  -4.45993338e-03  -1.84189696e-02  -4.70024301e-03
   -1.25924952e-03   7.41216481e-01   1.32201333e-02   4.26304014e-03
   -9.83392238e-04   3.68817081e-03   7.78938457e-03  -1.35988416e-02
    6.52705645e-03  -7.07963109e-03  -4.01668996e-03  -1.17507791e-02]
 [  1.30159101e-02  -4.32019681e-03  -1.34100974e-01   5.93147650e-02
    6.67173089e-03  -5.94421737e-02   6.45838827e-02  -2.34229695e-02
   -2.22541884e-01  -7.49537572e-02  -3.07013537e-03  -2.46885568e-02
    5.95837831e-03  -4.08840328e-01   2.11405884e-02   2.41276095e-04]
 [  2.17717335e-01  -7.89973259e-01  -2.06709102e-01  -1.55416727e-01
    7.23819658e-02  -5.77719212e-02   1.47270665e-01  -3.74708674e-03
    1.10781677e-01  -4.73137619e-03   1.42957491e-03  -1.20452903e-02
   -5.15822414e-03  -7.87520930e-02   8.31975043e-03  -4.11500633e-02]
 [  1.05197117e-01  -1.38191715e-01  -1.00483388e-01   4.64548260e-01
   -4.03537810e-01   1.01566389e-01   1.24200404e-01  -4.14859384e-01
   -1.45520950e-02  -7.16077164e-02   2.71856546e-01  -1.90194115e-01
    4.70747530e-01  -5.87198623e-02   6.58251271e-02   1.11672617e-02]]
Eve
[[ -1.39995143e-02  -5.88915348e-02   7.76607394e-02  -7.74771646e-02
    2.48182435e-02   1.30255193e-01  -1.48569178e-02  -1.88179370e-02
   -4.37680073e-02   3.61516736e-02  -9.06988084e-02  -3.66297781e-01
    2.57251896e-02  -5.22182047e-01  -9.24062803e-02  -5.25543354e-02]
 [ -7.19814152e-02  -8.26200936e-03   1.90339256e-02   8.98209512e-02
   -2.22086087e-02   6.11940920e-02  -1.85269615e-04   7.81873539e-02
   -5.27748227e-01  -1.18305841e-02  -2.76553243e-01  -6.25703037e-02
   -8.82942751e-02  -2.08053395e-01   4.69195426e-01  -8.60737562e-02]
 [  4.33249511e-02   1.31557405e+00   1.48268417e-01  -2.36479454e-02
   -1.52301759e-01  -1.33069634e-01   2.41751764e-02  -6.94460571e-02
   -2.38329574e-01  -1.77799195e-01   2.55958596e-03  -2.00106144e-01
   -5.84548190e-02  -7.28788897e-02   5.69776818e-02   9.45504159e-02]
 [  8.98396596e-03  -3.36074680e-02  -6.92268237e-02   9.30574387e-02
    1.23041295e-01   1.91016030e-02  -1.19785026e-01  -4.09727618e-02
   -7.88494647e-02  -1.10845931e-01  -8.18251595e-02   1.18622936e-01
    4.75601964e-02   1.48090467e-01   6.46739081e-02  -3.92350219e-02]
 [ -6.30511865e-02  -3.61711979e-02   1.19037023e-02  -1.10748731e-01
   -5.19871935e-02   2.88160145e-02  -2.05357119e-01   1.25198774e-02
    1.54738441e-01  -4.09265198e-02  -1.06839553e-01   1.76104710e-01
    1.29680824e-03   3.32817316e-01  -1.53609574e-01   1.33533806e-01]
 [ -1.25528470e-01   1.44622978e-02   1.03172146e-01  -6.47556335e-02
    1.37951793e-02   4.71210182e-02   1.75726876e-01  -6.62343428e-02
   -6.35232851e-02  -1.61189009e-02  -3.39246988e-01  -8.03668052e-02
    9.64221582e-02  -2.09368870e-01   2.31973603e-02   2.57295929e-02]
 [  1.22954376e-01  -1.95091829e-01   1.03519663e-01   2.79969964e-02
   -2.35103875e-01  -5.37359826e-02   1.62429452e-01  -1.80396035e-01
   -1.06584616e-01  -2.57558823e-02  -5.86304545e-01  -2.60492358e-02
   -1.07163787e+00  -4.56853807e-02   1.02277063e-01   4.70911451e-02]
 [ -8.51197988e-02  -2.40876004e-02   1.68529019e-01   2.70729642e-02
   -4.63857055e-02   1.66221187e-01  -7.69977719e-02   1.04217725e-02
   -1.74222916e-01  -1.02385603e-01   2.44241860e-02  -1.48580357e-01
    9.05466452e-02  -1.77200332e-01   9.24572581e-04   1.16833663e-02]
 [ -1.64746016e-01   8.21681321e-03   1.54876947e-01  -4.70076613e-02
   -5.10841608e-02   2.05552801e-01  -8.05755556e-02  -1.81184579e-02
   -1.48849830e-01  -3.35478708e-02  -2.05676660e-01  -9.62192416e-02
    1.51312709e-01  -2.36509517e-02  -7.99783692e-02  -1.86602063e-02]
 [ -1.48058146e-01  -5.13412524e-03  -5.85173629e-02   2.17909403e-02
   -6.99627176e-02  -1.36879653e-01  -3.60429496e-01   9.46577173e-03
   -7.05535486e-02  -6.29231185e-02  -1.40309796e-01   6.49349809e-01
    1.77036941e-01   8.04124177e-01   1.07333153e-01   1.86992317e-01]
 [ -1.51703492e-01  -8.35755747e-03   2.05807045e-01   1.01717431e-02
   -5.25351167e-02   9.67640504e-02   4.21572886e-02  -5.78286052e-02
   -1.92789555e-01  -8.19107890e-02  -1.56783268e-01  -1.34961829e-01
    1.66593835e-01  -3.43104899e-01   3.55816111e-02   4.94696535e-02]
 [  8.65453556e-02  -1.16457127e-01   1.25431225e-01  -1.17449671e-01
    3.18996646e-02   6.79528574e-03   1.87498868e-01  -6.97965845e-02
    4.30775285e-01  -2.01451614e-01  -1.61275759e-01  -4.12427366e-01
   -3.01859885e-01  -7.01071203e-01  -3.25968355e-01   1.77572310e-01]
 [ -3.24941427e-02  -3.64730991e-02   6.61698878e-02  -3.77869941e-02
    5.12191057e-02   9.93779674e-02   1.07577510e-01  -4.17520441e-02
   -6.81042150e-02   8.13062862e-03  -1.90578237e-01  -2.85392016e-01
    2.12493837e-02  -4.41296637e-01  -1.24000767e-02  -6.04545325e-02]
 [ -6.12350851e-02  -3.06019597e-02   1.03301816e-01   5.22145107e-02
   -1.18017355e-02   7.31581673e-02  -1.56941172e-02  -4.20154296e-02
   -1.15372382e-01  -9.20286775e-02  -1.03706583e-01  -1.31621569e-01
    5.03969491e-02  -2.78504908e-01   1.99249759e-02   1.68745918e-03]
 [ -2.90997997e-02  -3.90863605e-02   1.04132146e-02   6.37463182e-02
    1.08829588e-01   8.84963721e-02  -4.52705324e-02  -6.00504018e-02
   -1.20975822e-01  -8.63265172e-02  -1.64457306e-01  -1.00313611e-01
    8.34270045e-02  -1.84036434e-01   2.23950054e-02  -7.52058774e-02]
 [ -1.70066386e-01   1.03526958e-03   1.72519714e-01   7.25281462e-02
   -6.10019229e-02   9.81214941e-02   2.40620039e-02   1.94137804e-02
   -3.39713305e-01  -1.39204502e-01  -2.31822401e-01   8.83981306e-03
    9.88524854e-02  -1.02629475e-01   2.61547089e-01   4.81788889e-02]
 [  2.79867947e-01   1.08645864e-01   9.71003890e-01  -3.71961236e-01
   -1.01662731e+00  -2.22790465e-01  -5.35612702e-01  -4.05137278e-02
   -7.36443698e-01   3.86655003e-01  -1.35336637e+00  -2.73734689e-01
    1.19955146e+00   9.31871161e-02  -6.80205822e-01  -1.43612176e-01]
 [  3.27971995e-01   1.17576993e+00   2.26288773e-02   8.88554752e-02
   -2.99753007e-02  -2.68855006e-01  -2.71471739e-01   8.61933604e-02
    4.64130417e-02   1.08718993e-02  -2.07927257e-01  -3.05742025e-01
    2.20946759e-01  -5.55456460e-01   7.16190366e-03   7.82935247e-02]
 [ -1.09160674e+00  -1.33113772e-01  -1.38614774e-01  -1.96842685e-01
   -9.46173191e-01  -1.46237031e-01   3.54224414e-01   3.57590139e-01
   -7.41726279e-01   2.26034038e-02  -1.12095974e-01  -2.64767289e-01
    2.92235941e-01  -6.58453286e-01  -8.05752635e-01  -8.25187936e-02]
 [ -2.70107895e-01  -2.47893721e-01   4.56718564e-01  -7.96536684e-01
   -5.51564991e-01  -1.56738162e-01  -1.53441548e-01  -5.78173697e-02
   -7.67704785e-01  -7.14250922e-01   5.98133244e-02   5.63438749e-03
    4.29933637e-01   1.00624137e-01  -2.66798913e-01  -7.01603353e-01]
 [ -2.74937809e-01   2.12873802e-01   1.58312973e-02   1.87984228e-01
    4.08760071e-01   9.62835103e-02  -1.55131593e-02   1.81292012e-01
   -8.33459556e-01   5.11038676e-02  -8.85394141e-02   8.17217156e-02
   -4.31774855e-01  -3.37600447e-02  -6.31974757e-01   8.26378390e-02]
 [  1.26720563e-01  -1.07966661e-01  -4.04294461e-01   1.01398997e-01
    4.75335866e-01   4.36374038e-01   1.84834749e-02  -8.42900872e-02
    7.54745841e-01  -3.45781520e-02   6.83780909e-01  -6.51603267e-02
   -7.61623323e-01  -2.97997057e-01   1.96026757e-01   2.34950826e-01]
 [ -6.33910835e-01   3.24080288e-01  -2.05030084e-01   1.15454674e-01
   -1.44562423e-01   9.32987779e-02   5.76718450e-01   2.33498842e-01
    2.71566868e-01  -7.11960420e-02   3.04473907e-01  -8.60415623e-02
   -1.10321075e-01  -3.35614711e-01   1.10211663e-01   1.08385220e-01]
 [ -9.49452460e-01   1.06513575e-01   7.51093850e-02   8.20889026e-02
   -3.68215173e-01  -3.41938704e-01   1.52885802e-02   6.70579255e-01
   -1.12393236e+00  -1.41266629e-01  -2.91352928e-01  -3.35797191e-01
   -3.91747266e-01  -5.30825794e-01  -1.26863647e+00  -2.29254663e-02]
 [ -2.08703816e-01  -3.03233594e-01  -1.84275247e-02   4.03244458e-02
   -7.48467088e-01  -1.00643210e-01   1.72992587e-01  -1.04540348e-01
    5.94247341e-01   1.73285946e-01  -5.15407249e-02  -3.26309413e-01
    8.82055759e-01  -2.96300024e-01   4.21548694e-01   6.47542241e-04]
 [ -3.38875324e-01   3.69562842e-02   3.48849237e-01  -6.20847702e-01
   -4.01775539e-01   8.35983753e-02  -1.42861053e-01   7.88431540e-02
   -4.66900505e-02  -8.87404084e-01   5.01603670e-02  -1.19955912e-02
   -9.09543186e-02  -3.11243441e-02  -5.36127463e-02  -4.99162585e-01]
 [  4.92368370e-01   4.09400500e-02   3.49485010e-01   9.47052315e-02
   -2.33511120e-01  -3.51686939e-03  -4.33238328e-01  -8.96369480e-03
   -5.17761987e-03   1.97135419e-01  -5.64260244e-01   4.65414999e-03
   -8.81605446e-02   8.89272094e-02  -2.38302648e-01   4.51719984e-02]
 [  4.82351892e-02   5.24189830e-01   2.91827142e-01  -9.72437579e-03
   -6.47111416e-01  -1.46233477e-02  -3.78278010e-02  -6.77707717e-02
    1.86261952e-01   2.98781097e-01  -2.51429647e-01  -3.03106040e-01
    6.42366469e-01  -1.59728259e-01   1.04518257e-01   5.02576120e-02]
 [ -2.52563089e-01   6.43864796e-02  -1.72783628e-01   8.28786567e-02
    2.10554332e-01   7.36350417e-02  -1.10951448e-02   5.88403791e-02
   -9.57003757e-02  -8.02566484e-02   1.51222080e-01   5.43587804e-02
   -1.68595719e+00  -8.88346806e-02  -8.88247266e-02  -1.22104818e-03]
 [  1.03795053e-02  -2.98803806e-01  -1.71993852e-01  -6.34746403e-02
   -2.46319786e-01   2.14101166e-01   1.04978405e-01   4.92280796e-02
   -2.03814190e-02  -1.61888897e-01   1.21804722e-01   2.26300452e-02
   -7.97202662e-02   1.56664010e-02   1.39591083e-01   1.45930320e-01]
 [  2.24140678e-02   5.82186505e-02  -4.64013917e-03   6.04634397e-02
   -1.89445555e-01   1.87853858e-01   9.47043151e-02  -2.62574166e-01
    6.83678210e-01  -1.21047325e-01   1.81471124e-01  -8.22668299e-02
    3.51145834e-01   9.01481286e-02   1.22465348e+00   7.17218742e-02]
 [ -5.60197592e-01   2.36060545e-01   4.81516689e-01  -7.28747904e-01
   -5.81319392e-01  -2.25452203e-02  -1.15062490e-01  -1.66811869e-01
   -4.01789397e-01  -7.00719535e-01  -2.12742537e-01   2.19122350e-01
    2.13676065e-01  -1.76485658e-01  -9.80314389e-02  -9.56204236e-01]
 [  7.23387748e-02  -9.80562791e-02   4.38969254e-01   4.02167112e-01
    3.33811790e-01   1.57830073e-03  -2.42130421e-02   4.48998034e-01
    2.80514926e-01   1.97526976e-01  -3.07917923e-01  -1.85998410e-01
   -1.60988942e-01  -3.86698753e-01  -2.24696010e-01  -9.00081918e-02]
 [ -4.50212270e-01  -8.28577578e-02   3.59563470e-01  -4.36584681e-01
    7.49175400e-02  -6.32280350e-01   6.95477366e-01   2.96728611e-02
   -8.62226248e-01   9.69852228e-03  -8.19445848e-02   1.61395088e-01
    2.88369805e-01   1.66099370e-01   2.00691700e-01  -4.30594645e-02]
 [ -5.14889210e-02  -6.42017797e-02   1.25082850e-01  -3.56775895e-02
   -8.10168266e-01   5.39127551e-02  -1.08720565e+00   5.02661578e-02
   -3.24040204e-01  -2.97693968e-01  -1.06646776e-01  -2.88574189e-01
    2.93538302e-01  -2.86496133e-01  -7.04742193e-01  -2.20183641e-01]
 [ -5.44068754e-01  -8.18149149e-02   3.04642737e-01  -3.72924715e-01
    1.57113850e-01  -3.98041546e-01   5.64567089e-01   5.70581518e-02
   -3.96590047e-02   1.00098915e-01  -4.71140087e-01   6.45870328e-01
    4.11169022e-01  -4.33327526e-01  -5.87261319e-01  -3.30134362e-01]
 [ -3.34612042e-01   2.31504217e-01   3.56273055e-01  -2.50636727e-01
    3.52916457e-02  -7.67121762e-02   5.72422922e-01   2.19302345e-02
   -2.29386047e-01   1.47859335e-01  -1.61216587e-01   2.98206151e-01
    3.13536167e-01  -1.95698276e-01  -3.37983400e-01  -3.68637741e-01]
 [ -2.94411369e-02   8.28874484e-02   2.27366537e-01   2.13195663e-02
   -2.07598165e-01   3.06441146e-03   1.46444961e-01   7.08030984e-02
    1.92870051e-01  -9.39458981e-02  -1.46400660e-01  -2.42334642e-02
   -2.22916514e-01  -1.73190296e-01  -8.42639357e-02   5.88384755e-02]
 [ -3.86695147e-01   5.78944534e-02   3.42617720e-01  -3.60198587e-01
   -1.06497824e+00  -8.86314213e-02  -5.66562712e-01  -1.22454554e-01
   -9.40015018e-01  -3.64541769e-01  -1.09408826e-01   3.63711536e-01
    8.80307198e-01   5.32606430e-02  -8.50338936e-01  -8.00833181e-02]
 [  3.22836876e-01   3.74217212e-01   6.80366904e-02  -2.59057373e-01
    3.27968508e-01  -1.43471271e-01   3.42766553e-01  -1.55836731e-01
   -3.09860557e-01  -6.20978139e-02  -6.81954250e-02   3.51109117e-01
   -7.99813569e-02   1.47490233e-01   1.81759506e-01   2.06958950e-01]
 [ -2.19492063e-01   4.24270667e-02   5.69517836e-02   1.07414037e-01
    2.32829422e-01  -2.00422153e-01   1.15710152e-02   1.11256996e-02
    2.00109974e-01   2.69787572e-02  -4.03556749e-02  -7.24422485e-02
   -9.80500728e-02  -9.14408416e-02  -1.86433986e-01  -1.19068287e-01]
 [ -2.51016855e-01   8.95175934e-01  -1.04841240e-01   4.05898057e-02
    1.23091210e-02   4.81963724e-01   3.26027483e-01  -6.27822950e-02
    1.37767270e-01   4.22953218e-02  -2.17544943e-01   4.28913414e-01
    1.27021998e-01  -3.04071844e-01   1.26926126e-02  -1.29744247e-01]
 [ -1.35141420e+00  -8.83039683e-02  -7.48009384e-01   1.30327553e-01
    9.58646163e-02  -2.71985710e-01   2.63598710e-01  -2.27409359e-02
   -2.70131588e-01   1.23145729e-01  -5.18371649e-02   2.60884166e-01
    4.42831635e-01  -5.15977681e-01  -1.63037032e-01  -1.83586061e-01]
 [ -2.71829516e-01   2.25927159e-01   4.74679679e-01   3.76369029e-01
    3.00515890e-01   1.05409257e-01  -1.58123732e-01   2.01232463e-01
    9.86454010e-01   3.30150247e-01  -2.60181665e-01  -4.38542552e-02
    6.43565459e-03  -6.66850209e-01  -6.55560374e-01  -1.44314542e-01]
 [  6.73872709e-01  -4.61484492e-01   9.72331166e-01  -3.51683795e-01
    7.92854000e-04  -5.22561312e-01   3.61977816e-01   2.74951935e-01
   -2.27819942e-02   3.31701376e-02  -3.56429189e-01   1.89865068e-01
    4.45394605e-01  -5.54505410e-03  -4.66709614e-01  -4.25896853e-01]
 [ -2.97858238e-01   1.37804508e-01   3.87450576e-01  -2.91306138e-01
   -2.45580718e-01   6.65583253e-01   6.07026517e-01  -7.41423443e-02
   -4.33947265e-01   9.79939923e-02  -4.28318799e-01   1.12730777e+00
    3.07379663e-01   1.76042452e-01  -3.08627009e-01  -2.59037256e-01]
 [ -4.53706592e-01   1.23077981e-01   5.99185705e-01  -3.23567659e-01
    3.64710912e-02  -1.37668753e+00   3.74607593e-01   1.38688266e-01
   -7.25906014e-01  -2.02112213e-01  -3.18420902e-02  -7.30554879e-01
    5.23855329e-01  -2.71258295e-01   7.62627274e-02  -1.92602277e-01]
 [ -5.36289886e-02   3.29517305e-01   3.31361949e-01  -2.04203680e-01
    7.98840914e-03   4.27936673e-01   2.24131137e-01  -2.70858649e-02
    1.08010449e-01   1.31224498e-01  -3.24445665e-01   2.43047744e-01
    5.34477159e-02  -5.02388664e-02  -9.77238547e-03  -1.06672309e-01]]