Alice
[[  3.66391800e-03  -1.36437481e-02   5.87413646e-03  -4.46554320e-03
   -1.10966489e-02  -7.60707865e-03   2.67318916e-02   4.40614760e-01]
 [  3.95803014e-03  -1.38016650e-02   4.76736389e-03  -4.36319830e-03
   -1.10732047e-02  -7.60249142e-03   2.71050669e-02   4.42382246e-01]
 [  3.60419275e-03  -1.37242684e-02   5.23693115e-03  -4.34492296e-03
   -1.09645193e-02  -7.55849248e-03   2.66974606e-02   4.40389603e-01]
 [  3.78141669e-03  -1.36920922e-02   5.46866748e-03  -4.61511780e-03
   -1.11294510e-02  -7.51605676e-03   2.70214863e-02   4.41819847e-01]
 [  1.04330610e-02  -1.36305206e-02  -2.93687358e-02   2.27746274e-02
   -1.05563616e-02  -1.02586308e-02   2.93263253e-02   4.46046233e-01]
 [  4.13385499e-03  -1.35072833e-02   4.83627338e-03  -4.35795868e-03
   -1.10097751e-02  -7.61381444e-03   2.67122425e-02   4.41091001e-01]
 [  2.53369603e-02   1.30926287e-02   4.22890112e-02   4.54178862e-02
    3.83533631e-03  -1.58130545e-02  -1.66085720e-01   4.41922098e-01]
 [  3.87367164e-03  -1.34519823e-02   4.77401214e-03  -4.26848885e-03
   -1.08601758e-02  -7.52697373e-03   2.69510262e-02   4.41274852e-01]
 [  2.51814175e+00  -2.31334996e+00   3.17542195e+00   2.19451165e+00
   -2.47950363e+00  -2.71724725e+00   2.11290145e+00  -3.43570374e-02]
 [  3.22885108e+00  -2.90226960e+00   3.10663271e+00   3.25555253e+00
   -2.91420364e+00  -3.23069358e+00   6.47401273e-01  -1.41230868e-02]
 [  3.15733194e+00  -3.33974123e+00   3.22122717e+00   2.90694404e+00
   -3.13821340e+00  -2.92972970e+00   5.75630724e-01  -1.02621114e+00]
 [  3.37632823e+00  -2.94328260e+00   2.93815923e+00   2.98564601e+00
   -2.83624721e+00  -3.00370884e+00   7.33119786e-01  -4.07197746e-03]
 [  2.87997723e+00  -2.56497097e+00   2.15184689e+00   3.18058729e+00
   -3.09027529e+00  -2.50154877e+00   8.31236169e-02   9.82258394e-02]
 [  3.00349236e+00  -3.13920665e+00   2.85698605e+00   2.82717705e+00
   -2.88473868e+00  -2.90129209e+00   8.32034111e-01   3.46533991e-02]
 [  2.32728672e+00  -2.69544125e+00   2.75266004e+00   3.17535090e+00
   -3.09333920e+00  -2.95749354e+00   7.59020448e-01   1.64685212e-03]
 [  2.94606471e+00  -3.06228232e+00   2.86049676e+00   2.57212973e+00
   -2.70318174e+00  -2.62351942e+00  -5.89561984e-02  -2.46290434e-02]]
Bob
[[  8.72320216e-03   1.69403050e-02   1.50231719e-02   1.80531256e-02
   -3.37066385e-03   1.94034707e-02   1.11076348e-02   1.36399521e-02]
 [  8.67823418e-03   1.61316209e-02   1.41496602e-02   1.71285179e-02
   -2.99232919e-03   1.83753055e-02   1.03797056e-02   1.33986417e-02]
 [  2.17676386e-02   1.65827889e-02  -7.11470395e-02   6.13692123e-03
   -1.10545922e-02   1.38021028e-02   1.67252533e-02  -4.64328825e-02]
 [ -3.77616920e-02   3.64035852e-02   2.95653902e-02  -1.57155767e-02
   -1.00534456e-02  -9.10982564e-02   2.33255830e-02  -3.37356776e-02]
 [  2.45282035e-02   2.04627085e-02   1.87305920e-02  -7.12066069e-02
   -1.35004502e-02   1.98068283e-02  -4.48308662e-02   1.32264635e-02]
 [  9.09102894e-03   1.69603787e-02   1.47749782e-02   1.82003751e-02
   -3.61607363e-03   1.93912350e-02   1.13739371e-02   1.40514867e-02]
 [  2.39763130e-02  -8.15218315e-02   1.98507942e-02   4.96528996e-03
   -4.71793581e-03   1.06674936e-02   1.82307474e-02  -4.54707965e-02]
 [  8.78363568e-03   1.63176395e-02   1.48410033e-02   1.76580418e-02
   -3.94302746e-03   1.92036666e-02   1.09962467e-02   1.44832330e-02]
 [  2.26202679e+00   2.93225479e+00   9.87930223e-02  -2.82299256e+00
   -2.12111807e+00  -4.65708256e-01   2.42047262e+00  -2.66374779e+00]
 [  2.53054047e+00   2.15131903e+00  -1.17172229e+00  -2.79585528e+00
   -2.68076944e+00   2.58288884e+00   2.36961412e+00  -2.41495228e+00]
 [  2.63430500e+00   2.02153182e+00  -3.73928517e-01  -2.43442202e+00
   -2.02677345e+00  -1.31745958e+00   2.20238042e+00  -1.77304828e+00]
 [  2.25754142e+00   2.33110476e+00   6.65170476e-02  -2.13606548e+00
   -2.61468959e+00  -1.30859399e+00   2.01815939e+00  -2.26448607e+00]
 [  2.63759756e+00   2.39969277e+00  -5.91652155e-01  -2.49665713e+00
   -2.12194109e+00   1.39305091e+00   2.92424774e+00  -2.45304966e+00]
 [  2.40269661e+00   2.51648092e+00  -4.54926759e-01  -2.23678160e+00
   -2.91454482e+00   4.38703597e-01   2.01668358e+00  -2.45457029e+00]
 [  2.79366732e+00   2.90470219e+00   9.68852460e-01  -3.02223158e+00
   -2.83449721e+00   1.03754473e+00   3.01448679e+00  -3.03163242e+00]
 [  4.28302079e-01   4.58332121e-01   1.00417268e+00  -4.56284344e-01
   -4.52099413e-01   1.18739389e-01   4.74614322e-01  -4.70635265e-01]]
Eve
[[-3.20390296  3.29009104  2.68215966  2.80896664  2.75204062 -3.06902385
   1.71591353  1.33086348]
 [-3.47211909  3.79752374  3.73237634  3.21625233  2.99410367 -2.92455745
   2.77470064  1.93117309]
 [-3.26676393  3.09007764  3.07180309  3.15930176  3.21714234 -2.93621373
   0.05757609  1.3506639 ]
 [-2.61429715  2.81323171  3.5646472   3.0375309   3.23404646 -2.91944075
  -0.15856294  1.8794651 ]
 [-3.21632147  3.3605516   3.48341537  2.8305645   3.30818558 -3.53440356
   2.72089791  1.70378947]
 [-2.94786954  3.23709011  2.88330889  2.35817647  2.65232062 -3.3248105
   2.6960125   1.3868084 ]
 [-2.83511329  3.42192531  3.45963907  3.03173947  3.69806123 -3.72572494
   3.01944637  2.71649718]
 [-3.44749045  3.57059908  3.59280205  3.42407274  3.23640203 -3.53971267
   0.79942966  2.65776706]
 [-3.13748527  3.12691259  3.19031     2.89475441  3.24149036 -3.46141028
   3.15935826  2.94561768]
 [-3.6549747   3.27760792  3.55499196  2.90994382  2.87679768 -2.94666004
   1.25842488  3.21366072]
 [-3.18301415  3.63394809  3.6997261   3.02658153  3.11823249 -3.72228026
   1.98170125  2.8079772 ]
 [-3.55921483  3.53772163  3.47190166  2.92541528  2.85250235 -2.9225719
   2.46020651  3.16386199]
 [-3.2755661   3.40227151  3.03658009  2.80283618  3.03785515 -3.21461964
   1.00369883  3.11504698]
 [-3.56712294  3.31662965  3.50028944  2.86431313  3.42746115 -2.89494848
   3.18713832  2.67877555]
 [-3.39447236  3.42860675  3.32389545  2.92472243  3.35002184 -3.06250668
   1.82056272  2.64377165]
 [-3.23423266  2.98257399  2.81454992  3.15795231  3.22711515 -3.58841991
  -1.07203865  2.70881891]]