Alice
[[  1.39290234e-03   7.36646180e-04  -1.14453025e-03 ...,  -2.44605984e-03
   -3.03763361e-03   2.47382489e-03]
 [  8.07574252e-04   5.22118702e-04  -1.80488080e-03 ...,  -3.31450137e-03
   -2.87145656e-03   2.02500029e-03]
 [  5.24498755e-04   5.88559895e-04  -1.45214377e-03 ...,  -2.93512247e-03
   -2.87495763e-03   1.88449852e-03]
 ..., 
 [ -1.76142409e-01   1.12345326e+00  -1.03904271e+00 ...,  -1.06409502e+00
   -1.14032066e+00   1.14763629e+00]
 [  1.22557348e-03   1.15354204e+00  -8.30638587e-01 ...,  -1.07372475e+00
   -7.91180491e-01   9.59125221e-01]
 [  6.10715523e-03   7.53153682e-01  -8.89494538e-01 ...,  -1.15045178e+00
   -9.40154910e-01   1.03826177e+00]]
Bob
[[-0.00161315 -0.00164421 -0.00172301 ..., -0.00160575 -0.00145493
   0.00154994]
 [-0.0016844  -0.00174394 -0.00177153 ..., -0.00169021 -0.00156006
   0.00157806]
 [-0.0016586  -0.00177192 -0.00177986 ..., -0.00168689 -0.00154156
   0.00156686]
 ..., 
 [-1.21251404 -1.2254771  -1.20770335 ..., -1.25858772 -1.21542883
   1.24338853]
 [-1.2101723  -1.21399343 -1.25541878 ..., -1.21371984 -1.26586127
   1.23892033]
 [-1.14434171 -1.22288334 -1.21785462 ..., -1.09466863 -1.32254684
   1.22463882]]
Eve
[[ 2.85240173  3.01172519  3.20432854 ...,  3.22972941  2.96923709
  -3.33198285]
 [ 0.42064232  3.39458799  3.07358623 ...,  3.32178783  3.34370708
  -3.07365656]
 [ 1.33489633  3.06188869  3.46863484 ...,  3.02659702  3.0602088
  -3.32633233]
 ..., 
 [ 0.65150207  3.08899403  3.26106572 ...,  3.37202048  3.25236368
  -3.00517058]
 [ 0.35354826  3.21986938  3.44449687 ...,  3.19821787  3.03171754
  -3.26971173]
 [ 0.38834417  3.4424386   3.44978285 ...,  3.40545726  3.23019791
  -3.18761539]]