Alice
[[ -2.16385737e-01   1.34273887e-01  -2.48060580e-02  -6.15019761e-02
    1.20874476e-02   1.77905142e-01   1.51968315e-01  -8.50191787e-02]
 [ -2.17577025e-01   1.35057062e-01  -2.47954894e-02  -5.51773347e-02
    1.27401715e-02   1.73839897e-01   1.53968856e-01  -8.05929378e-02]
 [ -2.12164000e-01   1.32445425e-01  -2.48396937e-02  -5.56366257e-02
    1.26021095e-02   1.73051253e-01   1.52335837e-01  -8.19523036e-02]
 [ -2.13449582e-01   1.32784337e-01  -2.48363763e-02  -5.76970130e-02
    1.24502098e-02   1.73992887e-01   1.51354000e-01  -8.17960873e-02]
 [ -2.10241064e-01   1.31067917e-01  -2.48245653e-02  -5.72613105e-02
    1.23626161e-02   1.73061982e-01   1.50199160e-01  -8.20223242e-02]
 [ -1.60242125e-01   5.19272052e-02   1.26930952e-01  -6.07136339e-02
   -1.33654046e+00   8.82648528e-02  -9.29896720e-04   1.20439924e-01]
 [ -2.17286915e-01   1.35055348e-01  -2.47808788e-02  -5.71725070e-02
    1.25022987e-02   1.75459743e-01   1.53930262e-01  -8.27984288e-02]
 [ -2.12921828e-01   1.33880407e-01  -2.47913729e-02  -5.49238026e-02
    1.26840668e-02   1.74721390e-01   1.55700460e-01  -8.56180489e-02]
 [  2.50630435e-02   8.54459591e-03  -6.36924597e-05  -1.17658498e-02
    2.31303464e-04  -2.46345554e-03   2.89277621e-02  -2.81701405e-02]
 [  2.47235671e-02   8.45479500e-03  -4.53037064e-05  -1.16055394e-02
    2.19918729e-04  -2.40592984e-03   2.85881590e-02  -2.77980361e-02]
 [  2.51236968e-02   8.58790986e-03  -4.70256891e-05  -1.17936134e-02
    2.23993731e-04  -2.47496273e-03   2.90300921e-02  -2.82998662e-02]
 [  2.55241878e-02   8.71928968e-03  -2.40671034e-05  -1.20048067e-02
    2.11067847e-04  -2.48730206e-03   2.94773728e-02  -2.86798477e-02]
 [  2.47457512e-02   8.39780457e-03  -5.56677587e-05  -1.16350492e-02
    2.25566837e-04  -2.46289792e-03   2.85530239e-02  -2.78956108e-02]
 [  2.53351051e-02   8.59019812e-03  -5.39250759e-05  -1.18646035e-02
    2.14134299e-04  -2.52508558e-03   2.92578936e-02  -2.85011623e-02]
 [  2.47677732e-02   8.41105543e-03  -8.31944781e-05  -1.16029605e-02
    2.23299663e-04  -2.43969471e-03   2.86074262e-02  -2.79031806e-02]
 [  2.50121895e-02   8.52840766e-03  -3.92326874e-05  -1.17313145e-02
    2.12765619e-04  -2.47245934e-03   2.88766809e-02  -2.81426068e-02]
 [ -1.79736361e-01  -6.30198568e-02  -4.54684854e-01   3.47092360e-01
   -1.18438697e+00  -5.44359148e-01   6.49962008e-01  -9.34107244e-01]
 [  2.30186239e-01   6.77914917e-01  -5.44371545e-01  -3.31675619e-01
   -1.82032436e-01   5.99541843e-01   5.97435355e-01  -9.71680880e-01]
 [  2.06344835e-02  -1.78109333e-01  -1.65257946e-01  -4.77634490e-01
    1.14494777e+00   1.09983616e-01  -3.24183665e-02  -1.11691535e+00]
 [  3.64324063e-01   2.61254936e-01  -6.90935850e-01  -6.67366683e-01
   -7.27872103e-02   3.08255494e-01   3.64909977e-01  -1.00315368e+00]
 [  1.32139891e-01  -7.11025521e-02   3.40652242e-02   3.97420228e-02
    9.32969991e-03  -2.46859223e-01   1.13012421e+00  -8.04932177e-01]
 [  3.08807105e-01  -1.31197050e-01   6.13728687e-02  -6.64904475e-01
    8.63124251e-01   2.57210851e-01  -2.02364579e-01  -7.98695147e-01]
 [  1.52839899e-01   2.14380473e-01  -7.56336331e-01  -1.66520625e-01
    1.16001852e-01   9.58562717e-02  -1.12239383e-02  -1.15515029e+00]
 [  1.19140244e+00   2.24548087e-01  -9.22038704e-02  -8.84330273e-02
    7.09168762e-02   7.47821927e-02   1.33298829e-01  -8.53822231e-01]]
Bob
[[  9.53842420e-03   1.73737794e-01  -2.77509931e-02  -1.46744102e-01
   -2.77310386e-02  -1.29552573e-01  -1.78202942e-01   1.99826747e-01]
 [  1.05729215e-02   1.69659644e-01  -2.78477278e-02  -1.46055788e-01
   -2.71324459e-02  -1.32591948e-01  -1.80140704e-01   1.99930191e-01]
 [  1.09026134e-02   1.67907089e-01  -2.78319344e-02  -1.42006591e-01
   -2.65312325e-02  -1.30743474e-01  -1.75157905e-01   2.00001776e-01]
 [  1.06255626e-02   1.68469548e-01  -2.79108100e-02  -1.43276468e-01
   -2.79250387e-02  -1.29840180e-01  -1.75418153e-01   1.99915111e-01]
 [  1.12522980e-02   1.66707665e-01  -2.78822519e-02  -1.40691802e-01
   -2.76167970e-02  -1.29345164e-01  -1.72210589e-01   1.99894175e-01]
 [  1.80663124e-01   2.12261230e-01   1.11069575e-01  -1.18869975e-01
   -6.52246848e-02  -5.14671355e-02  -1.02350622e-01   2.01005578e-01]
 [  9.91051923e-03   1.71925113e-01  -2.78101098e-02  -1.46517232e-01
   -2.65716687e-02  -1.31632447e-01  -1.79875597e-01   1.99900955e-01]
 [  1.00186309e-02   1.72352552e-01  -2.78127752e-02  -1.43539578e-01
   -2.34608892e-02  -1.32399827e-01  -1.78420737e-01   1.99903697e-01]
 [ -1.78963447e-03   1.77734881e-03   4.27768573e-05   1.72844535e-04
    1.20431080e-03   2.10207305e-03  -8.22383503e-04   1.03306375e-04]
 [ -1.57129485e-02   4.41704206e-02   2.90055596e-06  -4.82680090e-02
    8.40367470e-03   3.80945182e-03  -1.17041036e-01  -2.41419807e-01]
 [ -1.05167250e-03   1.08728302e-03   4.59911753e-05   9.79591423e-05
    8.38053529e-04   1.30666979e-03  -6.33743359e-04   1.87273166e-04]
 [ -5.59003500e-04   5.70957258e-04   6.18559134e-05   2.99863550e-05
    5.57228515e-04   6.90828951e-04  -5.25429030e-04   2.11227292e-04]
 [ -9.84105631e-04   9.85546038e-04   2.08450929e-05   1.06790234e-04
    7.50887208e-04   1.18488807e-03  -5.46646537e-04   1.53478657e-04]
 [ -6.90922432e-04   7.03178579e-04   1.13220885e-04   5.25765936e-05
    5.84855734e-04   8.36231979e-04  -4.96064778e-04   2.09294216e-04]
 [ -7.24913843e-04   7.45956204e-04   3.18979546e-05   4.88859150e-05
    5.85858477e-04   8.65218462e-04  -5.13982726e-04   2.08902857e-04]
 [ -3.05739552e-04   3.42495157e-04   4.50074149e-05   8.33472859e-06
    3.41307285e-04   3.87032283e-04  -3.05651949e-04   1.94879147e-04]
 [ -7.56830394e-01   2.95082837e-01  -8.19761008e-02  -6.28420040e-02
   -3.89388740e-01  -1.17109787e+00  -3.69575560e-01  -4.93010730e-01]
 [ -4.19106215e-01   6.35826737e-02  -3.12249690e-01  -1.97101325e-01
   -2.08747551e-01  -1.08786106e+00  -1.93936750e-01   1.53813779e-01]
 [  1.98759586e-01   1.25027388e-01  -1.28532207e+00  -5.36165178e-01
    3.35415751e-02  -1.27439475e+00  -1.84030563e-01   2.25222297e-02]
 [ -1.63900871e-02  -8.91312808e-02   6.21092200e-01  -3.28192115e-01
   -1.05926111e-01  -4.77204114e-01  -5.07580787e-02  -1.16638532e-02]
 [ -5.35954654e-01  -1.89291880e-01   2.21416616e+00  -3.08183338e-02
   -4.03906286e-01  -6.38584971e-01  -1.14398099e-01   9.84883308e-02]
 [ -2.26715833e-01   6.36259317e-01  -2.06392035e-01  -6.03825092e-01
   -1.74349099e-01  -9.35309827e-01  -3.44780505e-01   1.22130372e-01]
 [ -3.39693844e-01   1.19474046e-01  -3.44822317e-01  -5.13021462e-02
   -8.35118055e-01  -6.86315536e-01   7.18082190e-02   1.93729505e-01]
 [ -5.15495658e-01   1.28071502e-01   7.35415369e-02  -2.76676327e-01
   -4.22002763e-01  -8.81873250e-01  -3.55393767e-01   2.22170517e-01]]
Eve
[[ 0.59537446  0.34751022 -0.03278434 -1.0732007  -0.49740344  1.18106329
  -1.41317427 -1.72233474]
 [ 0.59992093  0.34744433  0.48339865 -1.08129251 -0.48989531  1.19894493
  -1.4628545  -1.71930575]
 [ 0.59033471  0.36578187  0.92694956 -1.08920801 -0.48340794  1.2055614
  -1.44969618 -1.70085454]
 [ 0.59028679  0.36179006  0.82712811 -1.08453465 -0.48668504  1.20155108
  -1.44177091 -1.70276785]
 [ 0.58485419  0.37354159  1.13544762 -1.09046066 -0.4810442   1.20490181
  -1.44325221 -1.69085288]
 [ 0.46510509  0.28204423  0.88953197 -0.26205951  2.18991303  0.11003448
  -0.72448266 -0.99988329]
 [ 0.59910482  0.34649906  0.13744439 -1.07814515 -0.49498674  1.19197905
  -1.43080533 -1.72334814]
 [ 0.59691095  0.35505378  0.36872965 -1.08728266 -0.49077651  1.19344163
  -1.44614232 -1.71808052]
 [-0.99276596  0.41590652  0.13635033  0.31602076 -0.29893821 -0.87645483
   0.99912286 -0.32970917]
 [ 0.05404944 -0.05944993 -0.05741538 -0.30761662 -0.67776525 -0.14364484
   0.61081892 -0.70753467]
 [-0.08679605  1.29927826  1.11786675 -1.54982555 -2.74529791  1.5759474
  -1.91915226 -2.87148285]
 [ 0.93981189  0.06720928  0.81482422  1.09881508  1.01233757 -0.12511717
  -0.3876844  -1.25465977]
 [ 0.26983029  0.03025617  1.19118893  0.35850391  2.66537833 -0.13786547
  -0.3277266  -1.11989141]
 [ 0.10319166  0.17894737  0.44317251  0.07247961 -0.67912263 -0.64213449
   0.51276892 -0.91538274]
 [ 0.51884258  0.06588071  0.26841813  0.33014134 -0.32674864 -0.27281368
   0.67636955 -1.04178762]
 [ 0.40796006 -1.06651378 -0.0810996   0.56618208  0.45450863 -0.64060241
   0.22073558 -0.83862621]
 [-0.00360283  0.12866162  0.51325929  0.01959385  2.40760493  0.26316932
   0.189198   -1.21624529]
 [-0.38546854 -0.30192664  0.78769767  0.82659763  0.7420854  -0.43848488
   0.53824013 -0.27737322]
 [ 0.08176053  1.52213669  1.43239379 -1.29571295 -3.08789253  2.27643991
  -2.22427464 -2.54789567]
 [-0.68522269 -0.44411683  0.10026952  0.34391686  1.09499264 -0.11277906
   0.44214511 -0.39404616]
 [-0.80533862 -0.12527175 -0.06018038  0.48565596  1.01335716 -0.14995088
   0.77567255 -1.07840717]
 [-0.10510842 -0.0383636  -0.19224228  0.55378032 -1.25437713 -0.85653144
   0.17911153 -1.13462186]
 [-0.71244401 -0.29765183  0.37090555  0.79817986  0.4514282  -0.60566163
   0.59743202 -0.88465595]
 [ 1.73460436 -0.22101705  0.23206115  0.07732086  0.53607017 -0.22277842
   0.87187529 -0.37847775]]