Alice
[[ -4.44048941e-02  -2.12176703e-02  -3.76438908e-02   1.79989144e-01
   -1.14826243e-02   2.78408140e-01  -5.19671664e-02   3.57244313e-02]
 [ -4.46003899e-02  -2.10808720e-02  -3.74807753e-02   1.79924220e-01
   -1.10551473e-02   2.77945012e-01  -5.19102514e-02   3.56728584e-02]
 [ -4.44243811e-02  -2.11407859e-02  -3.78000215e-02   1.79773927e-01
   -1.12216268e-02   2.78187007e-01  -5.21912239e-02   3.59071158e-02]
 [ -4.88631815e-01  -2.10593604e-02  -2.66626868e-02   3.05131432e-02
    2.14001704e-02   2.56142676e-01  -4.40095887e-02   3.37212086e-02]
 [ -3.21775042e-02  -1.63065400e-02   2.36405611e-01   1.37500033e-01
   -3.83431427e-02  -3.52585703e-01  -4.13219854e-02   2.28985269e-02]
 [ -4.42037322e-02  -2.12332327e-02  -3.78839970e-02   1.80167839e-01
   -1.15000922e-02   2.78405160e-01  -5.21525480e-02   3.58410813e-02]
 [ -4.45400365e-02  -2.10566428e-02  -3.76222432e-02   1.80066690e-01
   -1.16043855e-02   2.77494997e-01  -5.17603569e-02   3.55175696e-02]
 [ -1.32570982e-01   8.57278854e-02  -1.77275255e-01   9.14973691e-02
   -6.02858961e-01   1.10645093e-01   1.88217282e-01  -1.38601169e-01]
 [ -2.43586092e-03   5.57793392e-05   5.06535266e-03   4.39824210e-03
    2.69677117e-03  -8.26948788e-03   4.03797906e-03  -5.89832023e-04]
 [ -2.37913826e-03  -3.65011183e-05   4.73037129e-03   4.24229493e-03
    2.62675318e-03  -9.22128279e-03   3.97786405e-03  -6.81561301e-04]
 [ -2.34518806e-03  -1.30468979e-04   4.83627431e-03   4.21606703e-03
    2.47371872e-03  -8.10327381e-03   4.06669313e-03  -5.87711285e-04]
 [ -2.47656764e-03  -7.67500387e-05   4.97383485e-03   4.36241133e-03
    2.50588171e-03  -8.02656915e-03   4.05228231e-03  -6.20407925e-04]
 [ -2.37767445e-03   7.59301474e-05   4.86799888e-03   4.26218240e-03
    2.31266045e-03  -8.88639037e-03   3.99131002e-03  -6.60849561e-04]
 [ -2.27796496e-03  -1.74764518e-05   4.57222899e-03   4.16394789e-03
    2.37571658e-03  -7.99696054e-03   3.87570378e-03  -5.62270056e-04]
 [ -2.41914741e-03  -5.58732791e-06   4.66781761e-03   4.25391272e-03
    2.54223892e-03  -8.55293404e-03   3.85963544e-03  -5.45943738e-04]
 [ -2.28485302e-03  -5.15198954e-05   4.48644906e-03   3.99251841e-03
    2.25353125e-03  -8.09715688e-03   3.67909018e-03  -4.14889422e-04]
 [  2.39433837e-03   9.98868942e-01   9.32218973e-04  -9.85990511e-04
    3.86702479e-03  -8.19927692e-01  -5.69661893e-03  -2.57006497e-03]
 [  6.69994727e-02  -3.63778770e-01   9.44429338e-01   5.48959196e-01
   -1.18186629e+00   1.57597029e+00  -6.54979229e-01  -2.26674154e-01]
 [  4.44476873e-01  -4.83790219e-01  -3.23920548e-01   7.99935013e-02
   -1.08833885e+00   1.29724419e+00  -7.63854682e-01   1.02529192e+00]
 [  1.92520052e-01   2.41244853e-01   1.56011850e-01   2.40834385e-01
    2.55444914e-01   1.10516620e+00   2.28344515e-01   1.69295296e-01]
 [  5.51321745e-01   9.32127982e-02   7.53243804e-01   4.94943619e-01
    1.55823948e-02   8.48051310e-01   3.57955992e-01  -1.68287829e-01]
 [ -1.24501753e+00   1.01686187e-01   5.53380191e-01   6.83206558e-01
    1.07794739e-02   6.31121755e-01   1.60718560e-01   3.44535820e-02]
 [  9.36082657e-03   1.45522142e-02  -2.16350276e-02  -5.44483447e-03
    1.65635701e-02   9.32922401e-03   1.74692050e-02  -7.58905802e-03]
 [  6.93033099e-01  -2.66482592e-01   1.19021213e+00   3.94720793e-01
   -5.58300838e-02  -1.64007199e+00  -8.61769736e-01  -6.70119643e-01]]
Bob
[[ -3.30075324e-01   2.47037853e-03  -1.33113901e-03   3.05913426e-02
   -1.19931437e-01  -4.62982766e-02  -1.08094268e-01   7.86796305e-03]
 [ -3.30762029e-01   2.53231893e-03  -1.26509438e-03   3.09794545e-02
   -1.19323716e-01  -4.58338410e-02  -1.08306415e-01   7.60762673e-03]
 [ -3.30569923e-01   2.49990262e-03  -1.27590238e-03   3.09296176e-02
   -1.20079145e-01  -4.61063944e-02  -1.07532367e-01   8.00532196e-03]
 [ -3.51326674e-01   3.96727677e-03  -2.72832764e-03  -8.09203833e-02
   -1.95763614e-02  -4.19814676e-01  -1.55868262e-01   1.46130780e-02]
 [ -5.98587334e-01  -3.53993964e-04  -1.48990704e-02   4.01382409e-02
   -9.22240131e-03  -6.04196219e-03   3.37992124e-02  -4.64777984e-02]
 [ -3.29461694e-01   2.56608357e-03  -1.30031677e-03   3.05395387e-02
   -1.20604523e-01  -4.64915410e-02  -1.07657000e-01   7.89079536e-03]
 [ -3.31312895e-01   2.58590817e-03  -1.55201601e-03   3.12324148e-02
   -1.19354129e-01  -4.58380990e-02  -1.09267280e-01   7.52709759e-03]
 [ -1.52802122e+00   2.48185351e-01  -1.39063254e-01   2.65881300e-01
    1.06309559e-02   2.64298506e-02  -3.96142930e-01  -2.52053104e-02]
 [  7.53620081e-03  -1.67626794e-03   5.63738111e-04   3.33772460e-03
   -4.55703288e-02  -1.87816136e-02   7.52821416e-02   2.52141785e-02]
 [  7.11838063e-03  -1.93810835e-03   8.81408923e-04   3.22826370e-03
   -5.00837937e-02  -2.06655581e-02   8.31757784e-02   2.81063281e-02]
 [  6.28323993e-03  -1.72068272e-03   8.55389924e-04   3.19740991e-03
   -4.73122224e-02  -1.93393808e-02   7.86504745e-02   2.66161710e-02]
 [  7.09426636e-03  -1.74758164e-03   5.56657207e-04   3.24269896e-03
   -4.62841205e-02  -1.88792758e-02   7.67167285e-02   2.58915387e-02]
 [  7.36035220e-03  -1.82755734e-03   7.63008953e-04   3.34127154e-03
   -4.99477535e-02  -2.04816628e-02   8.26498196e-02   2.78935116e-02]
 [  7.24288495e-03  -1.71096041e-03   6.36262237e-04   3.55115207e-03
   -4.76858653e-02  -1.94956437e-02   7.86570683e-02   2.64492519e-02]
 [  7.67800584e-03  -1.81481068e-03   7.78723450e-04   3.37454001e-03
   -4.70376052e-02  -1.93269961e-02   7.79519379e-02   2.61815768e-02]
 [  6.95437519e-03  -1.85350329e-03   7.57712754e-04   3.22573655e-03
   -4.94252890e-02  -2.03465261e-02   8.19000304e-02   2.76254974e-02]
 [  2.72470043e-05   5.07375002e-02   2.04272699e-02   8.36547673e-01
   -5.66860735e-01  -1.21770740e+00   7.35273480e-01  -7.11204931e-02]
 [ -3.07547271e-01   1.06675886e-01  -2.16439471e-01   1.68933439e+00
    4.71538641e-02  -1.08415931e-01  -5.77662289e-01  -5.13364188e-02]
 [  4.68280690e-04  -1.02581352e-03  -1.13177979e-02   2.13399744e+00
   -3.27114336e-04   4.73451521e-03   7.50526972e-03   1.35499542e-03]
 [  2.05600797e-03  -7.31458142e-02   4.69920953e-04   1.11999977e+00
   -7.48796463e-01   6.83757782e-01   9.03574109e-01  -1.37882143e-01]
 [ -1.44334615e-03   1.20026684e+00   2.22840399e-01   1.73531175e+00
   -2.22772509e-01   1.10870406e-01   3.44907671e-01   6.19181208e-02]
 [ -1.59483764e-03  -3.54047189e-03  -1.86439243e-03   9.45861936e-01
    1.72820248e-04  -4.43043513e-03   3.48648429e-03   8.66359193e-03]
 [  1.16277650e-01   3.24437805e-02   3.23312342e-01   2.40332866e+00
   -6.09913208e-02   4.39972393e-02  -2.94862334e-02  -1.91944346e-01]
 [  2.43167914e-02  -8.52537751e-02  -3.28029305e-01   2.13086963e+00
    5.26148155e-02   3.56810316e-02   3.94644350e-01   2.65666932e-01]]
Eve
[[ -1.10012628e-01   1.32640824e-01   9.87578407e-02  -3.35743695e-01
   -1.38026923e-02  -1.38861012e+00   6.04765356e-01   5.18985271e-01]
 [ -1.09370530e-01   1.30735397e-01   9.63595882e-02  -3.35614592e-01
   -1.35128312e-02  -1.38432312e+00   5.97581685e-01   5.13861895e-01]
 [ -1.09816425e-01   1.31274298e-01   9.81101990e-02  -3.36351037e-01
   -1.36817442e-02  -1.38680029e+00   6.09210789e-01   5.18414915e-01]
 [  1.74075460e+00   1.20315783e-01   4.58330035e-01  -3.56570244e-01
    7.12553188e-02  -1.14054942e+00   3.57902884e-01   2.81565607e-01]
 [ -1.04660064e-03   2.30195880e-01   9.49341834e-01  -9.38752532e-01
   -8.70802999e-02  -1.15087557e+00   2.07551336e+00   2.40996408e+00]
 [ -1.10660233e-01   1.31438270e-01   1.00504771e-01  -3.39383751e-01
   -1.40790399e-02  -1.38477063e+00   6.09940827e-01   5.18079281e-01]
 [ -1.09191380e-01   1.33049756e-01   9.67935696e-02  -3.36888433e-01
   -1.44888740e-02  -1.38649213e+00   5.98272741e-01   5.13882816e-01]
 [  2.01322827e-02   1.94755062e-01   1.12193242e-01   2.69887030e-01
   -1.77304184e+00  -2.59452558e+00   1.20546818e+00   1.55365610e+00]
 [  1.23658264e+00   1.95552260e-01  -2.87011623e-01  -1.94853321e-01
    7.86707699e-02  -9.93248045e-01   5.73997319e-01   5.83468854e-01]
 [  6.69547439e-01  -7.06831336e-01   1.32102418e+00  -1.95716882e+00
   -3.37780952e-01  -7.39430115e-02   1.98839831e+00   2.42814040e+00]
 [  2.61889666e-01   4.95866150e-01   6.09893084e-01  -2.47267675e+00
   -8.63337368e-02  -2.00837898e+00   2.24878597e+00   2.87515473e+00]
 [ -8.73529971e-01  -5.16089737e-01  -2.92481929e-01   1.53923595e+00
    2.95476988e-03  -1.69287431e+00  -2.42687315e-01  -3.89339089e-01]
 [ -4.74625193e-02  -1.31217152e-01   3.79834950e-01   3.27328593e-01
   -1.51119423e+00  -2.92433071e+00   8.07229340e-01   2.01919961e+00]
 [  1.06205791e-01   1.60237432e-01   4.80976373e-01  -1.17703962e+00
   -2.04781964e-02  -1.72877002e+00   1.35264373e+00   8.48575234e-01]
 [  1.00802410e+00   1.76469430e-01   1.91238666e+00  -2.10692120e+00
   -4.13771778e-01  -3.48457217e-01   2.84104443e+00   2.29589558e+00]
 [  1.20494115e+00   5.31551063e-01   1.32709122e+00  -1.50084126e+00
    5.37784517e-01  -1.92160218e-03   2.83667254e+00   2.47550702e+00]
 [  1.75494418e-01   2.52295494e+00   4.87235010e-01  -1.84967828e+00
    5.93974546e-04  -5.18483043e-01  -4.59573746e-01  -1.63631105e+00]
 [  2.13952169e-01   6.76337555e-02   4.59205985e-01   2.20578745e-01
   -2.12749720e+00  -2.36144781e+00   1.43959236e+00   1.88977492e+00]
 [ -7.48029947e-02  -6.54707313e-01  -1.44110024e+00   1.12770653e+00
   -4.28296655e-01  -2.50882840e+00  -8.93053174e-01   1.84871659e-01]
 [  2.08065510e-01  -1.53350219e-01  -5.56433976e-01   1.49376702e+00
    3.92346293e-01  -2.59486890e+00  -1.74284905e-01  -1.44744709e-01]
 [  5.32236040e-01   1.85569096e-02   1.09329665e+00   7.45241523e-01
    1.21138141e-01  -8.06609094e-01   9.10074353e-01   4.45358694e-01]
 [  1.01623380e+00  -4.93261516e-01   4.59242731e-01   1.46148360e+00
   -2.12553084e-01  -4.72081393e-01  -3.77568960e-01  -3.29131305e-01]
 [ -2.48677470e-03  -6.36557266e-02   7.93911278e-01  -1.34291589e+00
    2.59435717e-02  -1.02552688e+00   1.73753834e+00   1.46817291e+00]
 [  1.28729060e-01   1.04872859e+00   2.50830007e+00  -1.35526788e+00
   -6.42731115e-02  -1.80656239e-01   2.55238485e+00   1.45430231e+00]]