Alice
[[  8.52987523e-06  -2.36880466e-01  -2.33819857e-01   7.80958799e-05]
 [ -1.26331261e-05  -2.35560864e-01  -2.32944801e-01  -2.16686158e-06]
 [ -1.84504112e-04  -2.37854481e-01  -2.35058919e-01   1.00005579e+00]
 [ -3.48653384e-02   7.94223905e-01  -2.00127319e-01  -1.62247932e-04]
 [ -2.12687410e-05  -2.29049742e-01  -2.18248978e-01   2.01789117e-05]
 [ -2.61744517e-05  -1.52738795e-01  -1.20698643e+00   3.33258868e-07]
 [  1.75216519e-05  -2.32340604e-01  -2.16664642e-01   3.00827196e-05]
 [ -3.15044235e-06  -2.30410784e-01  -2.15899631e-01   6.29262213e-05]
 [ -6.70781016e-01   2.65821014e-02  -3.24913790e-03  -3.96993130e-01]
 [ -1.00107276e+00  -3.98666270e-06  -1.26529712e-05  -6.46472618e-05]
 [  4.28776965e-02   1.09472990e+00  -1.79607254e-02  -9.99314431e-03]
 [ -4.32650698e-03  -7.80971870e-02   1.02604520e+00   1.12339463e-02]]
Bob
[[ -5.09713282e-05   1.70576641e-05  -8.38089454e-06   4.02891146e-07]
 [  1.21132558e-04  -9.99461412e-01   5.29693898e-06  -1.09476714e-05]
 [  4.04330240e-06   6.00394676e-04   1.87784390e-05   1.25669758e-05]
 [  3.04193329e-03  -1.67403906e-03  -1.01576710e+00  -1.00817645e+00]
 [  2.70461151e-05  -1.88995637e-05  -5.23704330e-07   5.99839495e-07]
 [ -2.68080894e-05  -5.91730941e-06  -2.10867165e-05  -1.20342420e-05]
 [ -2.84277303e-06  -5.50211598e-06  -1.25508041e-05  -1.90084620e-07]
 [  8.30807840e-05  -3.12272023e-05   8.76956619e-07   4.91111041e-06]
 [ -8.95822421e-02   6.48002848e-02   4.53177959e-01   2.34236553e-01]
 [ -1.36481656e-04  -4.08737505e-05   1.00004745e+00   1.57567047e-05]
 [  8.02944705e-05  -2.65213966e-05  -5.98754696e-06  -1.00000691e+00]
 [  1.00017035e+00  -1.23076001e-03  -3.09377865e-05  -2.69583361e-05]]
Eve
[[  7.95973101e-05   8.47044736e-02   4.37308699e-02   2.51670626e-05]
 [ -1.36005199e+00  -1.55184150e-01  -4.02982324e-01  -1.20595403e-01]
 [  7.85899088e-02  -9.06457454e-02   1.48894981e-01  -1.00489342e+00]
 [  6.94720328e-01  -1.33061719e+00  -1.30018520e+00  -5.20446420e-01]
 [ -8.77710879e-02  -1.12168682e+00   3.91479194e-01  -2.49061868e-01]
 [  1.46309074e-04   2.55881715e+00   2.63090760e-01  -2.15538807e-04]
 [ -1.39472286e-05   1.11517176e-01   2.47371030e+00   1.55563903e-05]
 [ -8.09308216e-02   1.75409883e-01  -1.01236172e-01  -2.13609934e+00]
 [  1.97739974e-01   8.26794282e-02  -7.12313205e-02  -2.44223416e-01]
 [ -1.78000402e+00   2.40139127e-01   4.53141719e-01   1.20553620e-01]
 [ -4.34449345e-01  -8.83398592e-01  -9.43004072e-01   4.93352532e-01]
 [ -2.58637547e-01  -7.90898383e-01  -6.66136742e-01   2.80169528e-02]]