Alice
[[ -1.56391524e-02  -1.28758354e-02  -2.55834237e-02  -2.88791135e-02
    3.10716238e-02   2.32942700e-02   2.59341486e-02  -1.57715548e-02]
 [ -3.29103507e-02   4.13497016e-02  -3.69789377e-02  -3.19321342e-02
   -1.29207224e-01   7.42272586e-02   2.13868860e-02  -2.17564721e-02]
 [ -1.61252525e-02  -1.37486197e-02  -2.60663014e-02  -2.93790717e-02
    3.23991552e-02   2.39350442e-02   2.67057419e-02  -1.64033305e-02]
 [  5.37464246e-02   6.71052188e-02  -2.41858587e-02  -5.92027232e-02
    1.21046714e-02  -1.15235858e-01  -9.65064913e-02  -5.63112237e-02]
 [ -1.58536769e-02  -1.33230556e-02  -2.58387830e-02  -2.89841592e-02
    3.18656974e-02   2.40699705e-02   2.64780391e-02  -1.60680693e-02]
 [ -1.57741141e-02  -1.26118818e-02  -2.57714149e-02  -2.91022845e-02
    3.13403420e-02   2.37667784e-02   2.60267518e-02  -1.57519970e-02]
 [ -3.98975611e-02  -3.61561067e-02  -2.21057404e-02   1.38434827e-01
    7.87070394e-03   2.10665185e-02  -1.06067330e-01  -3.37403826e-02]
 [ -3.81847508e-02  -3.44284996e-02   1.24677472e-01  -8.10858160e-02
   -6.09666435e-03   2.00884696e-02  -8.15811157e-02   7.81121552e-02]
 [ -8.32007647e-01  -1.58775540e-03  -1.54477644e+00  -3.34704399e-01
    1.10889626e+00   1.07245624e+00  -8.49987268e-01  -1.35745406e+00]
 [ -1.61496508e+00   3.57620022e-03  -1.68734920e+00  -1.53560913e+00
    1.95730519e+00   1.57484853e+00  -1.84862339e+00  -1.74346566e+00]
 [ -2.14581847e+00   5.72953559e-03  -1.41970766e+00  -1.24505937e+00
    1.65504253e+00   1.46515799e+00  -1.43271148e+00  -1.21765053e+00]
 [ -1.91495824e+00   5.46885421e-03  -1.87365389e+00  -1.57831907e+00
    2.15928173e+00   1.92203569e+00  -1.71689034e+00  -1.81495821e+00]
 [ -1.72812390e+00   5.31449541e-03  -1.68389320e+00  -2.08635330e+00
    2.07558823e+00   1.87498009e+00  -1.78462231e+00  -1.85756218e+00]
 [ -1.87017822e+00   2.61932239e-02  -1.70637929e+00  -1.91144621e+00
    2.02903867e+00   1.71316636e+00  -1.92394042e+00  -1.97566378e+00]
 [ -1.38475513e+00  -3.00502721e-02  -1.47637701e+00  -1.54222918e+00
    1.69344795e+00   1.42515600e+00  -1.79939306e+00  -1.81555974e+00]
 [ -1.31939486e-01   2.77230907e-02  -3.11996311e-01  -9.65636790e-01
   -6.69709593e-02   4.15169507e-01  -1.21743158e-01  -1.49665371e-01]]
Bob
[[-0.02367727 -0.02632258  0.02602849  0.02200274  0.02943178  0.03424533
  -0.03936603 -0.03028738]
 [-0.02033224 -0.04500228  0.03004542  0.03245787  0.02586127  0.02018843
   0.02898299 -0.02810865]
 [-0.04113005  0.14524941  0.01720276  0.06769691  0.03830845  0.01688206
   0.0231487  -0.04522107]
 [ 0.08230057 -0.02125021 -0.08493723  0.03776665  0.07201598 -0.12734585
  -0.02217629 -0.02265826]
 [-0.05897155  0.01112187 -0.10126497 -0.13829438  0.06325423  0.0283466
   0.02316008 -0.0489128 ]
 [-0.08806837 -0.01992359 -0.1131102   0.03011977 -0.14238025  0.00839615
  -0.00286899 -0.02500266]
 [-0.02170817 -0.04687695  0.03091193  0.03270492  0.02648899  0.02124847
   0.02971902 -0.0289181 ]
 [-0.02487138 -0.02774334  0.02698323  0.02281132  0.0304044   0.03485466
  -0.04109232 -0.03093525]
 [-0.7775715  -0.61182737 -1.17838132  0.6687988   0.67487335  0.55858415
   0.04887349 -1.79145098]
 [-1.48643339 -2.1401124  -1.81158543  1.94442797  1.66426229  1.97716916
  -0.42948675 -1.53420675]
 [-1.62765276 -1.9622221  -1.53658307  1.87432456  1.38411593  1.80978453
   0.02460031 -1.70661116]
 [-1.45139492 -1.77317905 -1.5620507   1.78865397  2.34016371  1.73485684
   0.0301872  -1.42310619]
 [-2.07965159 -2.338377   -1.91880178  2.03831577  2.04894662  2.14421296
  -0.03442781 -1.80427706]
 [-1.57924891 -1.84274912 -1.68909156  1.85300398  1.58793437  1.8614291
  -0.00387672 -1.51556671]
 [-1.46559453 -1.95341194 -1.70534623  1.71200109  1.67916048  1.93632901
   0.01609329 -1.28324544]
 [-2.07119274 -1.15271735 -1.18502021  1.26764274  1.26247501  1.75351441
   0.01760527 -0.86084086]]
Eve
[[ 3.80756712 -1.04037046 -3.57814217 -3.43162155  3.64900422 -3.82249045
  -3.29012108 -3.45642543]
 [ 3.09755421 -2.02387881 -3.43942642 -3.12638855  3.14652252 -2.81049633
  -3.18159223 -2.86593485]
 [ 3.77968836 -0.66931254 -3.6030879  -3.61655402  3.90494156 -3.29655361
  -3.34864974 -3.55725288]
 [ 3.50689793 -0.267694   -3.83972573 -3.89016151  3.98160315 -3.70255232
  -3.39591694 -3.05987501]
 [ 4.00308895 -0.74912292 -3.48506212 -3.46212125  3.19951558 -3.78103781
  -3.96616912 -3.52898598]
 [ 3.49381065  0.32866383 -3.79651475 -3.87299681  3.32940578 -3.93852758
  -3.35031128 -3.67460489]
 [ 3.67615652 -0.019633   -3.27167606 -3.379529    3.12085438 -3.36536527
  -3.9789784  -3.36212444]
 [ 3.32100892 -0.0800302  -3.74165201 -3.7026732   3.45931458 -3.68591547
  -3.7591114  -3.91299748]
 [ 3.28905606 -0.12124982 -3.26563072 -3.48734045  3.4900105  -3.7245729
  -3.09012842 -3.87677956]
 [ 3.20755291 -0.56427318 -3.85513401 -3.57475448  3.58919144 -3.63004184
  -3.57405472 -3.41385555]
 [ 3.47572613 -0.23019901 -3.21127677 -3.9640646   3.60043216 -4.07627535
  -3.22301245 -3.70239258]
 [ 3.97262001 -0.42376864 -3.85269547 -3.33313465  3.59154201 -3.08965611
  -3.92882824 -3.95493722]
 [ 3.68133879 -0.26959252 -3.20957804 -3.71860576  3.75342679 -3.766361
  -3.70896697 -3.13054109]
 [ 3.71166396 -0.3833971  -3.3594563  -3.77493024  3.41693473 -3.5469141
  -4.04269314 -3.14279866]
 [ 2.78333879 -2.08547187 -3.49693251 -3.01029825  3.22058153 -2.82463145
  -2.98150802 -3.22751856]
 [ 3.61825657 -0.02456004 -3.08953404 -3.26102591  3.69342446 -3.74626374
  -3.83343434 -3.80927396]]