Alice
[[  3.27482610e-03   4.64317063e-03  -3.06794140e-03  -3.66974389e-03
    3.23318713e-03   3.19300848e-03  -2.93225516e-03   3.44504812e-03
    3.00390320e-03   3.25205387e-03  -3.31893284e-03  -3.04431352e-03
    2.17555627e-01   3.33438814e-03  -3.29025555e-03  -3.03183519e-03]
 [  3.25357821e-03   4.64491639e-03  -3.05757811e-03  -3.67029267e-03
    3.22236633e-03   3.17613711e-03  -2.91018374e-03   3.42057436e-03
    2.98622390e-03   3.26030073e-03  -3.30343470e-03  -3.02846218e-03
    2.19976470e-01   3.32422834e-03  -3.26307118e-03  -3.01045179e-03]
 [  3.15441680e-03   4.53090481e-03  -2.93886871e-03  -3.58882896e-03
    3.13205365e-03   3.11041716e-03  -2.82766065e-03   3.35963862e-03
    2.91086640e-03   3.15906922e-03  -3.20995459e-03  -2.94037722e-03
    2.18792632e-01   3.21354694e-03  -3.15274741e-03  -2.92046368e-03]
 [  3.10218544e-03   4.46520885e-03  -2.87054945e-03  -3.52523848e-03
    3.09173344e-03   3.05904076e-03  -2.74956436e-03   3.29339202e-03
    2.87444354e-03   3.11242649e-03  -3.12736188e-03  -2.85694562e-03
    2.16373190e-01   3.17973085e-03  -3.12118768e-03  -2.87257810e-03]
 [  3.05294804e-03   4.40418860e-03  -2.87460908e-03  -3.45695950e-03
    3.07721994e-03   2.97094882e-03  -2.74891872e-03   3.20584537e-03
    2.80659809e-03   3.03883175e-03  -3.07473517e-03  -2.83821835e-03
    2.17069685e-01   3.12004518e-03  -3.08178505e-03  -2.81699700e-03]
 [  3.10501480e-03   4.55181859e-03  -2.92528514e-03  -3.49756912e-03
    3.10282316e-03   3.03983712e-03  -2.85306363e-03   3.29603837e-03
    2.90611316e-03   3.11500975e-03  -3.16425017e-03  -2.88292859e-03
    2.17815816e-01   3.20570078e-03  -3.15896934e-03  -2.92748562e-03]
 [  3.19760991e-03   4.63031977e-03  -2.99690943e-03  -3.62093141e-03
    3.19428951e-03   3.12165217e-03  -2.92441458e-03   3.33957002e-03
    2.95773684e-03   3.18113971e-03  -3.21948342e-03  -2.95337685e-03
    2.17690960e-01   3.25672003e-03  -3.22152954e-03  -2.98176217e-03]
 [  3.22252978e-03   4.61110193e-03  -3.00956564e-03  -3.60625889e-03
    3.15591577e-03   3.13273398e-03  -2.92812497e-03   3.34885390e-03
    2.99146166e-03   3.20881931e-03  -3.21976934e-03  -3.00683454e-03
    2.20822796e-01   3.27462470e-03  -3.21836374e-03  -3.00576235e-03]
 [  3.10493819e-03   4.47625667e-03  -2.89056310e-03  -3.47576546e-03
    3.03000514e-03   2.98878155e-03  -2.79404363e-03   3.22836102e-03
    2.85820221e-03   3.07789678e-03  -3.12109361e-03  -2.86792126e-03
    2.19843939e-01   3.16231907e-03  -3.06395581e-03  -2.91648298e-03]
 [  3.31943901e-03   4.73857950e-03  -3.13203176e-03  -3.69536295e-03
    3.31124314e-03   3.24493786e-03  -3.01345834e-03   3.47537478e-03
    3.07294168e-03   3.30763287e-03  -3.36702820e-03  -3.07475869e-03
    2.19431430e-01   3.39285168e-03  -3.28790769e-03  -3.12234531e-03]
 [  3.07624461e-03   4.46720468e-03  -2.89573893e-03  -3.45365028e-03
    3.00008687e-03   2.99016573e-03  -2.81739212e-03   3.19360779e-03
    2.87112477e-03   3.07628419e-03  -3.06632626e-03  -2.88883969e-03
    2.19236240e-01   3.15526128e-03  -3.05872899e-03  -2.88233068e-03]
 [  3.04127159e-03   4.50618053e-03  -2.86987168e-03  -3.45545798e-03
    3.03370738e-03   3.00407782e-03  -2.76531838e-03   3.25539103e-03
    2.82624434e-03   3.06363637e-03  -3.08863749e-03  -2.81964056e-03
    2.16714740e-01   3.13815312e-03  -3.06496560e-03  -2.82426970e-03]
 [  3.18200211e-03   4.60686209e-03  -2.96554505e-03  -3.58874537e-03
    3.18306638e-03   3.08537250e-03  -2.86317291e-03   3.32381646e-03
    2.91548390e-03   3.17162904e-03  -3.21615185e-03  -2.93704611e-03
    2.17728436e-01   3.22041055e-03  -3.19718127e-03  -2.96084140e-03]
 [  3.08901374e-03   4.47946554e-03  -2.91284197e-03  -3.48920492e-03
    3.08304210e-03   3.02522257e-03  -2.78184819e-03   3.29785468e-03
    2.82082683e-03   3.10574542e-03  -3.12898844e-03  -2.89005577e-03
    2.18392685e-01   3.17148375e-03  -3.13894753e-03  -2.87466263e-03]
 [  3.24221095e-03   4.66584228e-03  -3.02215409e-03  -3.64828482e-03
    3.25431605e-03   3.17285955e-03  -2.93096574e-03   3.40974797e-03
    3.00158840e-03   3.23961372e-03  -3.26668285e-03  -3.01283342e-03
    2.18096152e-01   3.31894914e-03  -3.25690466e-03  -3.03061702e-03]
 [  3.15616163e-03   4.55386518e-03  -2.92349001e-03  -3.57244443e-03
    3.17581673e-03   3.09153367e-03  -2.85363570e-03   3.32837040e-03
    2.89634615e-03   3.13291512e-03  -3.18558817e-03  -2.93153059e-03
    2.16005042e-01   3.21739633e-03  -3.17157758e-03  -2.94407550e-03]
 [  2.50089407e+00   1.49232364e+00  -2.54417086e+00  -2.38582087e+00
   -1.28414631e-01   2.20355606e+00  -2.76057863e+00   2.25757480e+00
    2.43207240e+00   2.63852310e+00  -2.69208407e+00  -2.69354796e+00
    1.53396398e-01   2.56912827e+00  -2.62789750e+00  -2.68432879e+00]
 [  2.78518224e+00   5.03850460e-01  -2.57591414e+00  -2.76637197e+00
   -1.00015260e-01   2.62480760e+00  -2.27312016e+00   2.59112549e+00
    2.55257440e+00   2.48565364e+00  -2.63554144e+00  -2.77641845e+00
   -5.87124610e-03   2.37719560e+00  -2.36156607e+00  -2.19182086e+00]
 [  2.56345582e+00  -6.66743279e-01  -2.71619797e+00  -3.03293324e+00
   -1.20807670e-01   2.92608953e+00  -2.25339413e+00   3.02243567e+00
    2.91435790e+00   2.89984179e+00  -2.48003364e+00  -2.87660313e+00
    1.29614267e-02   2.50016713e+00  -2.53710842e+00  -2.91761827e+00]
 [  2.50157022e+00   5.26581049e-01  -2.72363710e+00  -2.80332470e+00
    2.91872350e-03   2.89515638e+00  -2.42554712e+00   2.53398061e+00
    2.87206793e+00   2.45240593e+00  -2.77877855e+00  -2.55737281e+00
   -3.67765734e-03   2.80377936e+00  -2.86626482e+00  -2.61136603e+00]
 [  2.96302676e+00   4.98446345e-01  -2.97351980e+00  -2.53848672e+00
   -6.05865605e-02   3.04481077e+00  -2.72290635e+00   2.97502303e+00
    2.78853488e+00   2.69728541e+00  -2.65768862e+00  -2.71748829e+00
    9.64019389e-04   2.75784659e+00  -2.89822412e+00  -2.88967800e+00]
 [  3.04183507e+00   6.67969584e-01  -2.86672807e+00  -2.73296118e+00
   -1.08834520e-01   2.49518991e+00  -2.89002681e+00   2.69277930e+00
    2.83355093e+00   2.81210804e+00  -2.82785606e+00  -2.81531024e+00
   -8.00674781e-04   2.88176107e+00  -2.65469813e+00  -2.47772837e+00]
 [  2.79271531e+00   5.21855474e-01  -2.77978206e+00  -2.99545527e+00
   -6.23768456e-02   2.78244162e+00  -3.00292134e+00   2.81649756e+00
    2.81430531e+00   2.81715798e+00  -2.80379581e+00  -2.80838728e+00
   -1.01206952e-03   2.99870276e+00  -2.67690039e+00  -2.53485370e+00]
 [  2.50604367e+00  -3.32797140e-01  -2.43785071e+00  -2.51165080e+00
   -1.61058843e-01   2.35473871e+00  -2.89138985e+00   2.66838646e+00
    2.63034058e+00   2.56912708e+00  -2.40593076e+00  -2.46630192e+00
   -1.76111870e-02   2.72323942e+00  -2.64585066e+00  -2.79831052e+00]
 [  2.94116879e+00   5.00714660e-01  -2.79724145e+00  -2.49576235e+00
    1.32876289e+00   2.52026844e+00  -2.71562338e+00   2.82259059e+00
    2.87907982e+00   2.87862992e+00  -2.71855593e+00  -2.62569714e+00
   -1.24042458e-03   2.84688377e+00  -2.55395365e+00  -2.92654204e+00]
 [  2.53287363e+00   5.86053133e-01  -2.63975668e+00  -2.53882623e+00
   -9.52938870e-02   2.85611987e+00  -2.51630402e+00   2.63341236e+00
    2.60935426e+00   2.66622925e+00  -2.73081493e+00  -2.65342689e+00
    3.63605260e-03   2.82949662e+00  -2.95634341e+00  -2.56218004e+00]
 [  2.56748247e+00   4.64546740e-01  -2.75496411e+00  -2.53478312e+00
   -8.35504197e-03   2.77247930e+00  -2.90322280e+00   2.52949142e+00
    2.71653557e+00   2.74300408e+00  -2.97392249e+00  -2.71454382e+00
   -4.19134554e-03   2.36715174e+00  -2.48342013e+00  -2.65405083e+00]
 [  2.60963774e+00   5.75720966e-01  -2.87846971e+00  -2.89405084e+00
   -9.46641341e-02   2.85355854e+00  -2.73786902e+00   2.69320107e+00
    2.91201138e+00   2.77049804e+00  -2.69148922e+00  -2.81745505e+00
    3.84101900e-03   2.85072684e+00  -2.98428559e+00  -2.54566503e+00]
 [  2.71901965e+00   7.13570893e-01  -2.47511292e+00  -2.90988445e+00
   -1.13361016e-01   2.78417563e+00  -2.46399450e+00   2.74125028e+00
    2.55943108e+00   2.57624698e+00  -2.88664365e+00  -2.62553883e+00
   -1.03704324e-02   2.49938679e+00  -2.75971103e+00  -2.99004126e+00]
 [  2.79053974e+00   9.89022553e-01  -2.73129654e+00  -2.49255490e+00
   -1.67436972e-01   2.55521607e+00  -2.58781075e+00   2.77560592e+00
    2.70457578e+00   2.54169345e+00  -2.35252428e+00  -2.68442631e+00
   -6.18448079e-01   2.57454133e+00  -2.83226013e+00  -2.88279247e+00]
 [  2.69957232e+00   4.95047957e-01  -2.72623777e+00  -2.87949276e+00
   -6.31046370e-02   2.93670607e+00  -2.79792404e+00   2.66100192e+00
    2.79509568e+00   2.80190921e+00  -2.68824625e+00  -2.69565296e+00
    7.88545236e-04   2.94884992e+00  -2.77513218e+00  -2.74519253e+00]
 [  2.61945319e+00   1.74115747e-01  -2.35669994e+00  -2.59750462e+00
   -2.37500593e-02   2.76981473e+00  -2.86238384e+00   2.81981444e+00
    2.40837455e+00   2.81202507e+00  -2.84492397e+00  -2.57718992e+00
   -2.49929428e-01   2.82092547e+00  -2.62008953e+00  -2.42863297e+00]]
Bob
[[ -2.14745261e-04   4.75835800e-03  -3.75175406e-03   2.60031805e-03
   -3.58356931e-03  -5.28016686e-03  -4.61050421e-02   3.65290768e-03
    4.56118537e-03  -5.44271152e-03  -4.18718439e-03   6.15292834e-03
   -4.98507731e-03  -4.45383787e-03  -3.81173380e-03  -3.26372776e-03]
 [ -1.10272529e-04   5.66057162e-03  -3.80162057e-03   2.77383532e-03
   -3.95050552e-03  -6.00641221e-03   4.03466634e-03   3.39781842e-03
    4.13440168e-03  -5.91175677e-03  -3.13582062e-03   6.30743662e-03
   -4.76774573e-03  -4.80236346e-03   4.59739715e-02  -3.66647774e-03]
 [ -9.70737264e-03   4.57553007e-03  -7.23404530e-03  -4.78453264e-02
   -3.49979824e-03  -4.81429975e-03   3.53564462e-03  -2.20195595e-02
    3.38528818e-03  -4.47354140e-03   2.02555545e-02   4.87816473e-03
   -4.46941238e-03  -6.06706832e-03  -3.42182117e-03  -2.45202868e-03]
 [ -6.39497675e-03   6.18962711e-03  -5.42004779e-03   2.63838726e-03
   -3.61010665e-03  -6.32350799e-03   3.58217885e-03   5.59182605e-03
    3.96421179e-03   4.26585637e-02  -3.41331447e-03   4.08907700e-03
   -6.74013374e-03  -6.74709212e-03  -3.35895945e-03  -4.37100977e-03]
 [ -9.39592905e-03   6.25198893e-03  -5.33225155e-03   2.57443753e-03
   -3.03359097e-03   4.21044976e-02   3.03223799e-03   6.58266153e-03
    3.87099851e-03  -4.03472409e-03  -3.92185478e-03   3.39017762e-03
   -6.52378472e-03  -7.66854407e-03  -3.07945907e-03  -4.11699433e-03]
 [ -9.28000361e-03   1.89354247e-03   2.60278117e-02   1.55853713e-02
   -1.92161684e-03  -3.93686350e-03   2.67007272e-03   2.76296679e-03
    2.59896996e-03  -3.71628068e-03   4.22754176e-02   4.00859769e-03
   -3.59868491e-03  -4.07436071e-03  -2.27448391e-03  -1.89437112e-03]
 [  5.66537352e-03   3.61396139e-03  -1.73477142e-03   5.04349731e-03
   -6.21259306e-03  -4.62253438e-03   6.10510958e-03   5.62301313e-04
    7.29069766e-03  -6.01898786e-03  -4.57618432e-03   6.06177608e-03
   -3.56332748e-03  -1.38963654e-03  -6.40321756e-03  -2.09718570e-03]
 [ -8.25457182e-03  -3.80384326e-02  -5.76283736e-03   2.53506633e-03
   -4.32953378e-03  -3.75757250e-03   4.06830246e-03   7.19743222e-03
    4.36471635e-03  -3.40309204e-03  -3.00899614e-03   4.14865045e-03
   -5.10876672e-03  -5.76879410e-03  -4.10426455e-03  -2.72284239e-03]
 [  2.33305662e-04   4.60874988e-03  -3.41439154e-03   1.72879850e-03
   -3.49474279e-03  -5.32949949e-03   3.81609704e-03   3.06239491e-03
   -5.36268130e-02  -5.50204283e-03  -3.86473094e-03   5.41844312e-03
   -4.67625400e-03  -4.09848662e-03  -3.37868812e-03  -3.10739689e-03]
 [  4.84307017e-03   3.20903468e-03  -2.26142863e-03   4.75979177e-03
   -6.20309031e-03  -3.61112761e-03   5.20059187e-03   4.57843184e-04
    6.93995086e-03  -4.76346444e-03  -4.08080546e-03   6.01367978e-03
   -3.78330215e-03  -1.49133708e-03  -5.04102604e-03  -1.95803004e-03]
 [  1.14655850e-04   5.31129399e-03  -4.09987709e-03   2.72009009e-03
    4.60607372e-02  -5.25309751e-03   3.61210271e-03   3.24999425e-03
    4.34337370e-03  -5.32549201e-03  -3.52679193e-03   6.43373420e-03
   -4.69609722e-03  -5.28942142e-03  -3.80538078e-03  -4.17299382e-03]
 [  5.35589643e-03   3.94122535e-03  -1.02133700e-03   3.83737031e-03
   -4.81186854e-03  -3.40314582e-03   5.49615920e-03  -7.20724493e-05
    6.19636104e-03  -4.73470055e-03  -3.88404541e-03   4.66445601e-03
   -3.18044587e-03  -1.60945323e-03  -4.82111331e-03  -2.43080803e-03]
 [ -1.88006591e-02   6.88826246e-03  -6.74522202e-03   1.77240430e-03
   -3.61223286e-03  -5.48433233e-03   2.47030612e-03   9.53665376e-03
    3.08543886e-03  -4.47875448e-03  -3.40231531e-03   5.10434620e-03
   -7.31167616e-03   3.01089901e-02  -2.16721441e-03   2.75550839e-02]
 [ -5.11230389e-03   6.95162360e-03  -5.29273879e-03   2.24773353e-03
   -3.55055416e-03  -6.75633131e-03   3.27154296e-03   5.49560878e-03
    3.37021938e-03  -5.45474049e-03  -3.25734168e-03  -4.49581034e-02
   -5.73077705e-03  -7.62999663e-03  -2.80828588e-03  -5.20040328e-03]
 [ -1.18666133e-02   5.01568895e-03  -5.19069703e-03   2.52274028e-03
   -3.59693426e-03  -3.80741898e-03   3.68277892e-03   5.55636641e-03
    3.45195411e-03  -3.50493263e-03  -3.15591204e-03   2.97792559e-03
    3.71040963e-02  -6.77611725e-03  -3.20894085e-03  -2.75002047e-03]
 [  5.31092240e-03   3.80139239e-03  -2.01311498e-03   5.30480454e-03
   -6.55455142e-03  -4.12951224e-03   5.92893967e-03   6.10571413e-04
    7.11786421e-03  -4.61891387e-03  -3.97782587e-03   4.71288757e-03
   -3.53908772e-03  -2.09316448e-03  -5.69783151e-03  -2.68956623e-03]
 [ -1.69294250e+00   2.16910315e+00  -1.98474979e+00   1.99705172e+00
   -2.09415817e+00  -2.01322007e+00   2.07260180e+00   2.02626324e+00
    4.36785072e-02  -1.67858517e+00   2.81653196e-01   2.31241083e+00
   -1.64143801e+00  -1.94091129e+00  -2.18226671e+00  -2.20854774e-01]
 [ -2.14464164e+00   2.10374284e+00  -2.12257314e+00   1.99290395e+00
   -2.12549233e+00  -2.08346796e+00   2.09842992e+00   2.14167833e+00
    2.30947398e-02  -2.23095703e+00   1.27899170e+00   2.03047681e+00
   -1.96313238e+00  -1.93002784e+00  -2.00058961e+00  -9.56517085e-03]
 [ -1.87359631e+00   1.69011414e+00  -1.78520894e+00   1.75606644e+00
   -1.64471674e+00  -2.10066938e+00   1.72145224e+00   2.02892184e+00
    3.09194267e-01  -2.22178435e+00   1.77623719e-01   2.34285355e+00
   -1.70317984e+00  -2.03626871e+00  -1.83631873e+00  -3.03473175e-01]
 [ -1.87684441e+00   2.09958172e+00  -2.03497410e+00   2.30268383e+00
   -2.23289013e+00  -1.60778713e+00   2.32683349e+00   2.09376764e+00
   -3.07549179e-01  -1.78393781e+00   6.64692104e-01   1.87207901e+00
   -1.92190206e+00  -2.04841518e+00  -2.21410322e+00  -2.82070935e-01]
 [ -2.00590301e+00   1.94189095e+00  -2.03955841e+00   1.76986885e+00
   -2.05939865e+00  -2.08832717e+00   1.90028977e+00   2.17360210e+00
    1.58078775e-01  -1.64791620e+00   5.75288296e-01   1.90093708e+00
   -2.17634892e+00  -1.74740553e+00  -2.08368683e+00   2.49232769e-01]
 [ -1.87703681e+00   1.85472095e+00  -1.82054734e+00   1.86476135e+00
   -2.12938786e+00  -1.81783652e+00   1.96345353e+00   2.17793012e+00
    2.81320155e-01  -1.98390102e+00   6.06306493e-01   1.68052948e+00
   -1.65274429e+00  -1.87850821e+00  -1.95869946e+00   9.39856693e-02]
 [ -1.71290815e+00   1.57576501e+00  -2.11375570e+00   2.15474749e+00
   -1.78089178e+00  -1.82620454e+00   1.90308702e+00   1.93324471e+00
   -2.78263241e-01  -2.28465343e+00  -3.89217287e-02   1.75064099e+00
   -2.05446339e+00  -2.06668949e+00  -1.76768994e+00   2.82754928e-01]
 [ -2.03679514e+00   1.98642707e+00  -2.00580955e+00   2.24274635e+00
   -1.66199911e+00  -2.04396391e+00   1.92140138e+00   1.67287457e+00
    1.95040539e-01  -1.89001071e+00   8.65122318e-01   1.96822381e+00
   -2.00312638e+00  -2.16059303e+00  -1.74295604e+00   3.08455735e-01]
 [ -2.13573146e+00   2.20438719e+00  -1.55673230e+00   2.22572160e+00
   -1.90403950e+00  -1.70160568e+00   2.14439201e+00   1.71528268e+00
    2.97577709e-01  -2.26382971e+00  -4.31348046e-04   2.11710691e+00
   -2.14584327e+00  -1.76749241e+00  -1.74228704e+00   1.09931789e-01]
 [ -2.00074244e+00   1.92667365e+00  -2.07137299e+00   2.13312149e+00
   -1.87683737e+00  -1.82736373e+00   2.13001060e+00   1.70231462e+00
   -2.89367661e-02  -2.17453766e+00   4.31445837e-01   1.87730336e+00
   -1.92814434e+00  -1.99669909e+00  -1.82859814e+00  -1.69446945e-01]
 [ -1.78064239e+00   1.65943599e+00  -1.77263284e+00   2.05487084e+00
   -1.95068157e+00  -2.16207957e+00   1.87529707e+00   1.71749294e+00
    4.02338095e-02  -1.64057302e+00   6.76648915e-01   2.20073581e+00
   -2.02261472e+00  -1.90092385e+00  -2.11802530e+00  -1.47012383e-01]
 [ -2.01753187e+00   1.82183123e+00  -1.91601706e+00   1.67029965e+00
   -2.12501836e+00  -1.89358187e+00   1.60534155e+00   1.64937901e+00
    2.08459735e-01  -1.97186947e+00   2.87191808e-01   1.72951913e+00
   -1.65561724e+00  -2.12093735e+00  -1.92368734e+00  -2.42147282e-01]
 [ -5.68688035e-01   5.74543834e-01  -5.67195535e-01   5.75386226e-01
   -5.85408807e-01  -5.77229619e-01   5.77518761e-01   5.65286517e-01
   -6.87530264e-03  -5.82304180e-01   9.80297104e-02   5.79932749e-01
   -5.74070692e-01  -5.67510605e-01  -5.76255977e-01  -1.00055277e+00]
 [ -2.01132774e+00   2.05915332e+00  -1.99675059e+00   1.91535366e+00
   -2.13152170e+00  -2.19634104e+00   2.03391647e+00   2.10829473e+00
   -2.90495247e-01  -2.15808177e+00   4.52403069e-01   1.75643730e+00
   -2.14499807e+00  -2.07065487e+00  -2.13857484e+00   2.82890290e-01]
 [ -1.77086902e+00   2.15308261e+00  -2.07416010e+00   1.64853573e+00
   -1.70637655e+00  -1.84669983e+00   1.96361995e+00   2.21037912e+00
   -2.88970113e-01  -1.65540755e+00   6.08747482e-01   2.05418968e+00
   -1.92594922e+00  -1.83895719e+00  -2.11522961e+00   1.00941949e-01]
 [ -2.00450969e+00   1.92431927e+00  -1.93512321e+00   1.87428916e+00
   -2.07151508e+00  -2.01782823e+00   1.87068403e+00   1.93129539e+00
    2.21068650e-01  -1.74393582e+00   6.04631267e-02   1.79675663e+00
   -2.35086870e+00  -1.70350945e+00  -1.91558957e+00  -1.08318016e-01]]
Eve
[[ 3.25593305 -2.1161859  -3.33547163  2.83023548 -1.86035216  3.10446477
  -3.13714218 -3.37955427  2.87529349  3.00976586 -3.21480632  3.18405008
   3.35302782 -3.34296203 -3.25141883  3.08002138]
 [ 2.94826341 -2.37863445 -3.53209996  3.2122345  -1.80443192  3.39107442
  -3.53420162 -3.0220356   3.51519561  3.02070141 -3.45221424  3.35296988
   3.00316215 -3.28118515 -3.0107367   3.45449042]
 [ 3.17103696 -1.73288417 -3.3749311   3.43319154 -1.48763859  3.30052924
  -3.13892341 -2.95234585  3.42672896  2.97097206 -3.36891007  2.99277902
   2.70248151 -3.20366788 -3.38996005  3.15847898]
 [ 3.08984876 -2.20926881 -2.78075886  3.12117743 -1.73343205  2.91227388
  -3.40426517 -2.97130156  2.97425461  3.18283963 -3.33345294  2.91197777
   2.73933196 -2.97850418 -3.13467121  3.49297333]
 [ 2.96111393 -2.29345751 -3.36509252  3.31835437 -1.59548652  3.39861512
  -2.8955543  -3.32982492  3.37315297  2.84310889 -3.15798545  3.34196258
   3.00870419 -2.80754089 -2.95668769  3.23131943]
 [ 3.04570842 -2.22535563 -3.23776269  3.40685344 -1.6369561   3.37577868
  -3.35435939 -3.02858591  2.8658514   3.47152233 -3.56817555  3.19033456
   3.2981987  -3.42078114 -3.5404954   3.32329583]
 [ 2.85474634 -1.84564805 -3.22857118  3.28682256 -1.5550034   3.09484816
  -2.82099652 -3.22203922  3.34273052  3.22670698 -3.35461903  3.27178645
   2.80877995 -3.12140775 -2.8302834   3.16821337]
 [ 3.46623659 -2.22894192 -3.08768415  3.02390814 -1.84645748  3.38964105
  -3.37049484 -2.93161273  3.49020576  3.24356079 -3.04185462  3.34034395
   3.31330562 -3.28891397 -3.37798548  3.36822867]
 [ 3.19434619 -1.67058802 -3.31914663  3.06146002 -1.96159375  2.85177231
  -3.10313225 -3.43334174  2.9650085   3.04244494 -2.9060266   3.43950152
   2.82670784 -3.45286155 -3.1607914   3.57429194]
 [ 3.36914015 -2.10436082 -3.36549473  3.53820491 -1.49925101  3.4709475
  -2.88107944 -3.06511617  2.9976871   3.01364207 -3.2633431   2.89484501
   3.17455697 -3.35549664 -3.08254886  3.52350211]
 [ 3.23321462 -1.99073851 -3.38544011  3.22490644 -1.78734958  2.92912841
  -2.89200759 -3.39035249  3.48618388  3.50484991 -3.53295255  3.1913414
   3.3638134  -2.96328306 -3.22185946  3.64072275]
 [ 3.14043427 -2.00982928 -3.33998942  3.18964791 -1.481619    3.42451262
  -3.06687975 -3.03872776  3.05023599  3.26575017 -3.08683562  3.43995738
   3.0924871  -2.94431853 -3.2341063   3.42851377]
 [ 3.66173553 -0.7176078  -3.50970531  3.42102051 -0.03796605  3.6871841
  -3.76698971 -3.60014081  3.59070039  3.66836548 -3.46578646  3.77541399
   2.89226699 -3.39957428 -3.37457395  3.59665561]
 [ 3.27374935 -2.0150764  -3.19433355  3.42037868 -1.96775615  3.31578374
  -3.52846456 -2.92990136  3.28619885  3.16088867 -3.38948369  3.01541805
   3.46981621 -2.99935818 -3.56845808  3.00846672]
 [ 3.32232547 -1.67340899 -3.33642435  3.26057148 -1.39612746  3.22599864
  -3.50444341 -3.12537646  3.23621631  3.51337314 -3.10161924  3.38266897
   3.41950941 -3.113801   -2.93724513  3.01145697]
 [ 2.91146612 -1.69702816 -3.36809611  2.90650082 -1.67163587  3.26383996
  -3.09667921 -3.04995847  3.44992757  3.17116523 -3.49167323  3.30287075
   2.83210802 -3.42948413 -2.93189812  3.10721278]
 [ 2.93158197 -2.20815301 -3.2956953   3.06243753 -1.76836014  2.88325715
  -2.89764667 -3.51724696  2.9882319   3.23658156 -3.0608449   3.20484972
   3.24116302 -3.31026268 -3.52201295  3.33842134]
 [ 2.99351025 -1.62069738 -3.25980425  3.37261939 -0.40702069  3.09126544
  -3.07916951 -3.11121345  2.84944201  3.17860174 -2.97001171  3.32698917
   2.88736248 -2.86372948 -3.01094031  3.21951056]
 [ 3.0916307   0.89686257 -3.37889457  2.97830772 -0.3363902   3.28380942
  -3.38449836 -3.06249905  3.21456289  3.54650211 -3.20221305  2.84531617
   3.2458086  -3.21945858 -3.52365017  3.62784457]
 [ 3.2797997   0.22054704 -2.81716609  3.42769885 -1.91647339  3.33999634
  -3.3462038  -3.1612072   3.32568359  3.07457161 -3.48381162  3.24142623
   3.18099236 -3.05549192 -2.8717134   3.04000878]
 [ 3.50759363 -2.0656724  -3.53634     3.54533935 -1.71064782  3.30495763
  -3.18071198 -2.99009848  3.44761705  3.40416336 -3.26181412  2.98227334
   3.14126253 -3.48819447 -3.31552052  3.31301832]
 [ 3.48270607 -1.99897301 -3.04369998  3.09799123 -0.58031523  3.52433968
  -3.24728036 -3.1773119   3.12467575  3.01070428 -2.8733592   2.85899591
   3.33267546 -3.24223733 -3.20939064  3.19480109]
 [ 3.3710103  -1.99476576 -3.33680129  3.30051637 -1.575472    3.63531756
  -3.23310471 -3.26369095  3.00448275  3.53402305 -3.25495815  3.34995461
   2.95485997 -3.1231668  -3.1911037   3.63052583]
 [ 3.33252263 -0.05390602 -2.84169602  2.93347096 -0.03766194  3.38044858
  -2.9955852  -3.43956327  3.19018102  2.87859368 -3.22269607  2.85047174
   2.86282897 -3.08324814 -3.20762753  3.42608428]
 [ 3.49963641 -1.90621054 -2.93170857  3.39722991 -2.68600798  3.31197476
  -3.36808801 -3.42303467  3.00719643  3.20777798 -3.20020175  3.01333714
   3.00869036 -3.24477029 -3.42418981  3.03468299]
 [ 3.26209545 -1.9712975  -2.91324496  3.08313918 -0.72813487  3.53920293
  -3.03471708 -2.96287036  3.26206183  3.33915854 -3.32423186  3.28984761
   3.15257645 -3.07377648 -3.44115162  3.49946141]
 [ 3.34165406 -2.60154128 -3.21024537  2.99480319 -1.39783812  3.20656776
  -2.91789675 -3.20893526  3.19395518  3.03181458 -3.47424054  3.48663807
   3.04048634 -3.51230693 -3.46949959  2.98148561]
 [ 3.35527539 -1.99185359 -3.45555973  2.88917089 -0.681391    2.94584322
  -3.33663797 -3.37631917  3.15675712  3.00606799 -3.19584584  3.0850184
   3.04294968 -3.14699888 -3.48683357  3.04964542]
 [ 3.12394333 -2.29680371 -3.20748496  3.00659227 -0.97804803  3.3961935
  -3.14794517 -3.47627783  2.91991377  3.43162918 -3.26078534  3.5339551
   3.18149424 -3.45785451 -3.18066502  3.24187398]
 [ 3.02411938 -2.17007899 -3.42278361  3.35231781 -0.17967401  3.05049086
  -2.87504053 -3.28659368  3.14716029  2.97900486 -2.88847017  3.40713286
   2.9633956  -3.42068243 -2.98757434  3.23966098]
 [ 3.14799905 -2.08549285 -3.37029815  2.99213171 -1.9682672   3.29055262
  -3.11752462 -3.53057575  3.14371634  3.48899913 -3.38465428  3.12702847
   2.91923165 -3.30607247 -3.48756099  3.39565468]
 [ 2.94356322 -1.56748116 -2.76299953  3.16260409 -0.42247769  2.64381742
  -3.24084306 -3.2098453   3.12345862  3.19476247 -2.80699325  2.91949892
   3.06812835 -2.99595118 -2.80862904  3.1270206 ]]