Alice
[[ -2.87303556e-06  -2.06999212e-05  -2.11686238e-05  -3.38936120e-01]
 [ -6.83093822e-05  -1.36211702e-05  -2.20344911e-04  -3.39142680e-01]
 [  1.10952891e-01  -3.72603796e-02  -2.99376428e-01  -3.47648144e-01]
 [  3.37344900e-05   5.89855481e-05   6.05065816e-06  -3.42846781e-01]
 [ -3.71533406e-06  -1.89541552e-05   1.32767509e-05  -3.23642582e-01]
 [  5.66680137e-06  -6.27015615e-05   6.91371679e-06  -3.24831009e-01]
 [  4.95461791e-07  -2.41319103e-05   1.52389775e-05  -3.20599824e-01]
 [  1.74841953e-05   2.75363891e-06   2.61075365e-06  -3.31358016e-01]
 [ -6.80054128e-02  -8.51640522e-01   9.64403227e-02  -4.14491333e-02]
 [  1.00008965e+00   6.92517369e-06  -3.81119753e-05  -9.49217338e-06]
 [  5.16279042e-01  -8.59683156e-01   6.44126713e-01  -3.32208455e-01]
 [ -2.18136862e-01  -9.72260296e-01   2.37409160e-01   5.72671741e-02]]
Bob
[[ -2.97764200e-05  -4.50725202e-06   2.33286482e-05   2.31896134e-04]
 [ -6.74661205e-05   1.67043509e-05  -4.35558140e-05   1.50077598e-04]
 [ -1.54258189e-04  -9.99909997e-01  -1.48080319e-01   8.58996034e-01]
 [  1.27441090e-04  -3.85240201e-05   1.69760224e-05   1.54334572e-04]
 [ -3.68980436e-05   4.73222644e-06   1.68413499e-05  -8.94962577e-05]
 [ -2.45097908e-05  -9.99965906e-01   1.43184334e-05  -1.26838815e-04]
 [ -3.56833443e-05  -9.07152480e-06   2.43821742e-05  -2.82847323e-05]
 [ -9.03892796e-05  -9.99986291e-01   2.08652546e-05  -1.01566016e-04]
 [ -6.57009721e-01   8.04879904e-01   3.37542027e-01   6.04472518e-01]
 [  2.21383363e-01   4.64676023e-02   2.11834550e-01  -1.22254761e-02]
 [  2.16170803e-01  -3.04181665e-01   3.43435049e-01   2.47488007e-01]
 [  1.19358854e-04   1.43297138e-05   9.99994338e-01   2.35859097e-05]]
Eve
[[ -8.95047933e-03  -4.93580941e-04   3.48263216e-04  -9.63748097e-02]
 [ -8.75529274e-03  -2.67373194e-04  -3.18476494e-04  -9.66683626e-02]
 [ -4.17346478e-01  -1.14228082e+00  -3.32485199e-01  -6.32366538e-01]
 [ -9.57408641e-03  -1.03441977e-04  -1.57239265e-05  -9.58358049e-02]
 [ -5.13689041e-01  -6.32292151e-01  -2.06464723e-01  -3.23019661e-02]
 [ -5.78893363e-01   3.56368572e-01  -1.03587136e-01  -6.28918707e-01]
 [ -3.02186906e-01  -8.82893443e-01   1.01924293e-01   8.64104211e-01]
 [ -2.63877027e-02  -9.72725757e-05  -1.37905765e-04  -2.65372825e+00]
 [  5.63374221e-01  -1.26709008e+00  -8.34404826e-01   4.53648001e-01]
 [ -3.07103252e+00   5.69654876e-05  -1.49744679e-04  -9.94677935e-03]
 [  1.27660587e-01  -6.88620567e-01   7.96619952e-02   4.83812541e-01]
 [  5.04953861e-01  -1.85241532e+00   3.29667360e-01   3.56003404e-01]]