Alice
[[-0.00294565 -0.00340043  0.00244042 ..., -0.00357108  0.00315989
   0.00183243]
 [ 0.00378487  0.00857537 -0.00423497 ..., -0.00680432  0.00398197
   0.00253588]
 [ 0.00492192  0.01024547 -0.01444749 ..., -0.00153912  0.00202492
   0.00787149]
 ..., 
 [ 0.5176028   0.36249563 -0.59938484 ..., -0.4310393   0.01395844
   0.521442  ]
 [ 0.93959385  0.92171562 -0.94603252 ..., -0.91859198  0.00355536
   0.92957866]
 [ 1.14176214  1.03894103 -1.08568585 ..., -1.02715492  0.01830879
   1.02708256]]
Bob
[[  5.35669131e-03  -2.77897506e-03   3.36094946e-03 ...,  -1.31206482e-03
   -1.04354665e-04   7.56991049e-03]
 [  5.91852376e-03  -2.01354339e-03   1.93498970e-03 ...,  -2.74574180e-04
    1.37843701e-04   8.89349077e-03]
 [  1.79660937e-03  -3.39378486e-03   3.40271578e-03 ...,   1.76457840e-03
   -4.72020649e-04   1.43798685e-03]
 ..., 
 [  1.18887484e+00   1.06888860e-02   1.16512883e+00 ...,  -1.23883259e+00
   -1.38545455e-02   1.15224087e+00]
 [  1.02665758e+00  -4.71405834e-02   1.03783584e+00 ...,  -1.10104740e+00
   -3.59286256e-02   9.92112160e-01]
 [ -2.67632697e-02   1.05928397e-03  -6.04924920e-04 ...,  -6.43688515e-02
   -3.85880843e-03   2.35050529e-01]]
Eve
[[-3.39667368  3.3612113   3.36209631 ..., -3.55206537  0.16874672
   3.37196589]
 [-3.55312419  3.24907875  3.21610975 ..., -3.33754468  0.54940426
   3.159338  ]
 [-3.38996887  3.30981159  3.43720627 ..., -3.47675562  0.35778672
   3.48108578]
 ..., 
 [-3.13733435  3.26041293  3.34798169 ..., -3.33290887  0.40474004
   3.0204103 ]
 [-2.96088839  3.22173643  3.37976193 ..., -3.3390801   0.77178746
   3.38364506]
 [-3.36428928  3.51494479  3.58988976 ..., -3.55439162  0.43572366
   3.6458602 ]]