Alice
[[  4.02011946e-02   4.43018181e-03  -6.74441282e-04  -1.35880767e-03]
 [  7.11890789e-06  -1.22064503e-05  -1.64033918e-06   1.82830227e-05]
 [ -4.32554043e-05  -1.24024482e-05   9.99285698e-01  -3.56760051e-04]
 [  5.17244227e-02   2.83908043e-02   5.34586667e-04  -9.55180076e-05]
 [ -1.84239525e-07  -7.09705728e-06  -7.94785592e-07   3.20618310e-05]
 [  1.86121488e-05   2.65170274e-06   4.69669067e-06   3.13705350e-05]
 [ -7.25342534e-06  -1.70135318e-05  -4.17984775e-05   1.40106958e-05]
 [ -5.88165858e-06   3.92116362e-06   1.83052252e-05   2.18214409e-05]
 [ -5.27006947e-02   9.88872230e-01  -7.49693252e-04   1.02240150e-03]
 [  1.99961123e-05  -2.25753229e-06   9.99992669e-01   5.13901341e-07]
 [  1.00537431e+00  -4.61247144e-03   1.87455839e-03   6.58181205e-04]
 [  4.38938787e-06   1.99961796e-05  -4.30606269e-06   1.00026488e+00]]
Bob
[[ -2.00880895e-04  -6.63514191e-04  -1.03847647e+00   1.00003016e+00]
 [ -2.17011893e-05   1.98313483e-05   3.36236262e-05   7.49454830e-06]
 [ -1.20881821e-04   6.30296650e-04   5.69938263e-03  -1.74240413e-04]
 [  9.82761502e-01   4.95382061e-04  -2.07612012e-02  -1.81117823e-04]
 [  2.02560386e-05   3.72866380e-05   1.64786452e-05   1.00001848e+00]
 [  2.15455184e-05   8.89849616e-09   1.03697366e-05   1.45231461e-05]
 [  4.47403727e-06   9.98846710e-01   3.74125739e-06  -9.99985158e-01]
 [  2.85709393e-05   1.82776530e-05   1.85612516e-05   2.01468210e-05]
 [ -9.41628441e-02   8.07944462e-02   7.95857728e-01  -1.85513068e-02]
 [  7.75375783e-01  -1.71926633e-01   1.57954246e-02   7.91082084e-02]
 [ -7.41946060e-05   1.00019050e+00  -1.13325678e-02   6.18498379e-05]
 [  4.91319001e-01  -5.02405643e-01  -2.36636996e-01  -2.82774776e-01]]
Eve
[[ -1.49701726e+00  -2.69172527e-02  -2.00994816e-02  -4.06011581e-01]
 [ -2.18811547e-05   5.30512363e-04  -3.08753308e-02   1.96295616e-04]
 [  1.69968322e-01  -2.22571805e-01  -1.51435530e+00  -2.81125724e-01]
 [ -2.41140202e-01   1.28069508e+00  -4.17668760e-01  -8.55242535e-02]
 [ -1.03145254e+00   6.85902536e-01   2.69718915e-01   3.69999975e-01]
 [  3.38554308e-02   1.38720036e+00  -6.52529895e-01  -9.31966156e-02]
 [ -1.51814356e-01   2.23107710e-01  -1.65733171e+00   2.82205999e-01]
 [ -8.09070230e-01   1.07673228e+00  -6.47705197e-02   1.78003963e-02]
 [  1.84067801e-01   1.85173190e+00   3.86613876e-01   8.15877095e-02]
 [ -4.06312538e-05   5.28775388e-04  -2.95713210e+00   2.49920093e-04]
 [ -1.62389278e+00   2.06785984e-02  -1.18570402e-02   4.06962723e-01]
 [ -3.41146842e-05   5.40944340e-04  -3.15640979e-02   3.13893151e+00]]