Alice
[[  4.35362719e-02   1.06828853e-01  -7.64755905e-02   1.33642834e-02
   -2.82007474e-02  -2.58136224e-02   4.03898172e-02   3.44374292e-02
   -1.49690602e-02   5.36604077e-02   1.54338190e-02  -2.03808136e-02
   -7.26839304e-02   7.54560083e-02  -1.00026783e-02  -7.62667134e-02]
 [  7.26980492e-02   9.75080729e-02  -6.33827597e-02   1.15982387e-02
   -2.73358189e-02  -2.66522951e-02   3.62385735e-02   3.78799699e-02
   -1.62985995e-02   5.16309477e-02   2.09089331e-02  -1.88281015e-02
   -6.52285516e-02   7.08597302e-02  -1.17098894e-02  -7.65999034e-02]
 [  4.64092195e-02   9.87087041e-02  -7.18395859e-02   1.30602252e-02
   -2.75780000e-02  -2.61738803e-02   4.67680171e-02   3.60027328e-02
   -1.52450483e-02   5.01285978e-02   1.69767961e-02  -1.94084048e-02
   -6.85755163e-02   7.46635497e-02  -9.11211781e-03  -7.76292905e-02]
 [  2.54413813e-01   8.42901766e-02  -3.72165442e-02   1.13621661e-02
   -4.22296561e-02  -3.00945770e-02  -2.01324709e-02   3.37547138e-02
   -2.18094350e-03   1.70521401e-02   2.45520137e-02  -1.69758871e-02
   -3.64413038e-02   4.65869568e-02  -3.71549204e-02  -6.83364421e-02]
 [  4.56739664e-02   9.65628698e-02  -6.91455156e-02   1.32702440e-02
   -2.63970234e-02  -2.69315578e-02   4.89330813e-02   3.34698558e-02
   -1.35138314e-02   4.84971404e-02   1.38776796e-02  -1.71340760e-02
   -6.23564683e-02   6.97033033e-02  -8.84060282e-03  -8.87999833e-02]
 [  4.34070639e-02   1.04807593e-01  -7.19985068e-02   1.35221677e-02
   -2.14809403e-02  -2.47659031e-02   3.61215211e-02   3.35994028e-02
   -1.75647512e-02   5.11389039e-02   1.55866351e-02  -1.75648648e-02
   -6.71591684e-02   6.93913400e-02  -9.39058792e-03  -8.10885951e-02]
 [  5.18704094e-02   9.89430100e-02  -6.47271648e-02   1.49335936e-02
   -2.46636402e-02  -2.64005810e-02   3.69401537e-02   3.25051583e-02
   -1.53804030e-02   5.11591993e-02   1.50417229e-02  -1.64887384e-02
   -6.03159815e-02   6.79418594e-02  -1.06860735e-02  -8.35764259e-02]
 [  4.18910682e-02   9.66492817e-02  -7.44231194e-02   1.38054658e-02
   -2.36194879e-02  -2.49803681e-02   4.09847535e-02   3.54616717e-02
   -1.59511231e-02   5.22876158e-02   1.77912936e-02  -1.75105073e-02
   -6.57532066e-02   7.33524114e-02  -8.54498148e-03  -8.28477591e-02]
 [  4.81919423e-02   1.04967147e-01  -7.07828775e-02   1.19523248e-02
   -2.29484979e-02  -2.55194250e-02   4.14474532e-02   3.35893333e-02
   -1.62439402e-02   4.90862355e-02   1.52938562e-02  -1.79610271e-02
   -6.69309199e-02   6.97721392e-02  -9.44252033e-03  -8.51304308e-02]
 [ -2.28307428e-04   9.60549861e-02  -8.82923231e-02   1.73770320e-02
   -2.16758084e-02  -2.28911322e-02   4.92654927e-02   3.04459091e-02
   -1.36642400e-02   5.35004884e-02   1.11049563e-02  -1.71029493e-02
   -6.85285702e-02   7.78761506e-02  -4.74598724e-03  -8.75146016e-02]
 [  4.54895049e-02   9.79583561e-02  -7.06993341e-02   1.26317572e-02
   -2.87380386e-02  -2.69175917e-02   5.41540049e-02   3.49087156e-02
   -1.37251867e-02   4.76081595e-02   1.60340536e-02  -1.90395843e-02
   -6.59522340e-02   7.46338144e-02  -8.82039126e-03  -8.25079456e-02]
 [  2.41111740e-02   1.02247156e-01  -8.15593973e-02   1.47948200e-02
   -2.36298125e-02  -2.46424973e-02   4.46522385e-02   3.15993465e-02
   -1.43343452e-02   5.06200716e-02   1.23878699e-02  -1.75612289e-02
   -6.75476789e-02   7.40088299e-02  -7.65062775e-03  -8.69537964e-02]
 [  3.70045677e-02   9.59820002e-02  -7.12890849e-02   1.53950099e-02
   -2.49490812e-02  -2.51382776e-02   4.83017229e-02   3.51100266e-02
   -1.64850336e-02   4.87251766e-02   1.75609626e-02  -1.85686760e-02
   -6.57499656e-02   7.61230513e-02  -8.25365633e-03  -7.58835003e-02]
 [  1.70322973e-02   9.62743536e-02  -8.51837173e-02   1.62792243e-02
   -2.34024748e-02  -2.31352020e-02   4.23605964e-02   3.43709178e-02
   -1.58371832e-02   5.47778904e-02   1.60442237e-02  -1.82280689e-02
   -7.01394901e-02   7.83168003e-02  -6.49843784e-03  -7.88164064e-02]
 [ -3.10202744e-02   8.14407915e-02  -3.13869953e-01   2.55117379e-02
    4.29415889e-02   2.90911756e-02  -1.09529503e-01   3.16257849e-02
   -1.28025683e-02   6.70892000e-02   1.25663690e-02  -1.66302770e-02
   -7.86766112e-02   5.50172217e-02  -4.52758884e-03  -8.33453014e-02]
 [  3.52721699e-02   9.58021060e-02  -7.51027018e-02   1.44421943e-02
   -2.48172972e-02  -2.54297182e-02   4.74187359e-02   3.41496244e-02
   -1.47519046e-02   4.95861396e-02   1.51939075e-02  -1.74871590e-02
   -6.49081469e-02   7.32556060e-02  -8.00341275e-03  -8.46865401e-02]
 [  5.71380137e-03   2.01578718e-03   5.10400580e-03  -3.29722278e-03
    6.43688021e-04  -2.24950090e-05  -2.40463018e-03   7.33490661e-03
   -1.58020266e-04  -2.36158026e-03   5.21611143e-03   1.73763419e-03
    1.06335513e-03   1.74606059e-04   1.72199507e-04  -1.47213647e-02]
 [  5.11009200e-03   2.41932855e-03   4.76843119e-03  -3.37459915e-03
    3.59053025e-04  -2.59667031e-05  -3.00937775e-03   7.33386818e-03
    5.36126281e-05  -1.63423480e-03   5.16510243e-03   1.56186032e-03
    8.32319958e-04   3.47344234e-04   1.20057091e-04  -1.43080428e-02]
 [  5.72315929e-03   1.80679024e-03   5.15186368e-03  -3.37043544e-03
    3.61235900e-04  -3.79318699e-05  -2.93707708e-03   7.36605795e-03
   -9.19762824e-05  -1.57182058e-03   5.38560096e-03   1.55579043e-03
    9.95632494e-04   2.98789411e-04   1.31757944e-04  -1.45633034e-02]
 [  4.26831609e-03   1.99966668e-03   4.43008775e-03  -2.98449933e-03
    4.29125910e-04  -2.69118718e-05  -3.57827125e-03   7.35819619e-03
   -1.75280424e-04  -1.40674808e-03   4.83887130e-03   1.65549223e-03
    7.76482106e-04   5.47164585e-04   1.22582656e-04  -1.47036528e-02]
 [  5.48621640e-03   2.11195601e-03   5.09733986e-03  -3.33341793e-03
    4.82082047e-04  -4.94014330e-06  -2.97113974e-03   7.43781077e-03
   -1.47713639e-04  -1.99248316e-03   5.27737429e-03   1.67633046e-03
    9.64856357e-04   3.41628853e-04   1.29727501e-04  -1.51028084e-02]
 [  4.47292766e-03   1.84477749e-03   4.65115299e-03  -3.17536574e-03
    1.44065882e-04  -4.66536294e-05  -4.15072264e-03   7.54866656e-03
   -7.04794511e-05  -1.25944801e-03   4.90655517e-03   1.61503849e-03
    6.40065118e-04   6.25054410e-04   9.17345096e-05  -1.47337755e-02]
 [  5.91084454e-03   1.69481582e-03   5.05262194e-03  -3.47994640e-03
    3.77649907e-04  -3.16739533e-05  -2.63924338e-03   7.44637568e-03
    2.23945317e-05  -2.06570840e-03   5.14312647e-03   1.50539074e-03
    8.70543998e-04   2.41449423e-04   1.86587960e-04  -1.39610032e-02]
 [  4.91368119e-03   1.74021395e-03   4.74466244e-03  -3.20750545e-03
    3.29702045e-04  -4.18799937e-05  -3.40572954e-03   7.53471581e-03
   -1.32103582e-04  -1.70637527e-03   4.96391021e-03   1.62391074e-03
    7.25914200e-04   5.01963135e-04   1.72307031e-04  -1.47754950e-02]
 [  5.57507249e-03   2.52717920e-03   4.92713694e-03  -3.40314745e-03
    6.37465215e-04  -7.07428535e-06  -2.33864249e-03   7.25536142e-03
   -1.76841513e-05  -2.05549365e-03   5.42571349e-03   1.64554478e-03
    9.20713239e-04   2.94465892e-04   1.41530196e-04  -1.43209221e-02]
 [  5.35500469e-03   1.83754344e-03   5.01545658e-03  -3.45013686e-03
    2.28884091e-04  -4.92628351e-05  -3.49354302e-03   7.56578613e-03
    3.58625257e-05  -1.37548381e-03   5.13208658e-03   1.58405816e-03
    7.75457651e-04   3.89437715e-04   4.15999966e-05  -1.46874227e-02]
 [  5.24820900e-03   1.34030636e-03   4.98755649e-03  -3.45558790e-03
    1.50135747e-04  -1.83170741e-05  -3.98756098e-03   7.64263514e-03
    3.53970281e-05  -1.20827591e-03   5.10989130e-03   1.58057641e-03
    6.46327855e-04   5.81621309e-04   1.86762933e-04  -1.42450342e-02]
 [  6.46015676e-03   2.05645268e-03   5.11884224e-03  -3.46617959e-03
    8.00329668e-04  -2.33351238e-05  -1.54334237e-03   7.35086808e-03
   -5.50857840e-05  -2.69591738e-03   5.36901271e-03   1.61089655e-03
    1.07023155e-03   9.40269019e-05   1.12673297e-04  -1.38526037e-02]
 [  5.23461774e-03   1.80781924e-03   5.17882640e-03  -3.46332463e-03
    2.28500328e-04  -4.20678880e-05  -4.03170288e-03   7.57128978e-03
   -2.70375549e-05  -1.29417982e-03   5.18380944e-03   1.60669570e-03
    7.32726709e-04   4.80306335e-04   1.33283480e-04  -1.47901662e-02]
 [  5.07020066e-03   2.04601954e-03   4.81001800e-03  -3.36998678e-03
    2.43514631e-04  -4.63944125e-05  -3.48034105e-03   7.51333637e-03
    3.81794962e-05  -1.36631553e-03   5.14116511e-03   1.57885847e-03
    7.14291527e-04   4.93008352e-04   1.57780494e-04  -1.44392699e-02]
 [  4.92835650e-03   1.77903648e-03   4.63229464e-03  -3.30143352e-03
    4.18772310e-04  -3.03266461e-05  -3.30240000e-03   7.49105122e-03
   -2.57835236e-05  -1.42881670e-03   5.17612323e-03   1.65513926e-03
    8.14298459e-04   5.25934156e-04   1.72238375e-04  -1.42038008e-02]
 [  4.74082399e-03   1.99757027e-03   4.73513315e-03  -3.23284417e-03
    3.47195484e-04  -2.73218866e-05  -3.50483134e-03   7.47878570e-03
   -8.65041075e-05  -1.56262389e-03   4.96393535e-03   1.64549949e-03
    8.23605224e-04   4.52195993e-04   1.41976358e-04  -1.46458251e-02]
 [ -1.71506360e-01   7.35904396e-01  -1.39137638e+00  -3.95197719e-01
   -1.63508430e-02  -4.33199070e-02  -1.28554568e-01   5.99060021e-02
    3.75854015e-01  -1.16405971e-01   2.37617075e-01  -8.23214054e-02
    4.28637117e-02   1.90315977e-01   7.73556530e-02  -7.26344362e-02]
 [  6.83306813e-01   8.73834789e-01  -1.14296913e+00  -7.60891438e-01
    1.46885931e-01   7.13359984e-03  -2.10903920e-02  -5.10626324e-02
    4.78459954e-01  -8.07992741e-02   5.33841014e-01  -4.04967099e-01
    3.56035754e-02   1.23966374e-01   2.03107685e-01  -7.99378678e-02]
 [  6.38179190e-04   1.52805238e-03   1.17190694e-03   8.93965655e-04
    6.92194444e-04   9.99715328e-01   9.54144161e-06  -5.52011048e-03
   -7.86474673e-04  -7.88017549e-03   8.85874178e-05  -3.42243840e-03
   -9.78394505e-03   5.92298238e-05  -2.72232387e-03  -2.84222253e-02]
 [  2.19919518e-01   5.05688965e-01  -1.28065240e+00  -1.19757943e-01
    7.20936209e-02   3.15139294e-01  -2.85512954e-01  -3.15658227e-02
    3.42084676e-01   1.13582678e-01   2.33707219e-01  -1.07303512e+00
   -1.93460226e-01   3.26610267e-01  -1.89403147e-02  -2.26157561e-01]
 [  8.23671818e-02   9.71293032e-01  -1.64268315e+00  -4.77146059e-01
    9.93554667e-03   1.40294626e-01   1.45866394e-01   1.67145282e-01
    6.04406059e-01  -1.99150536e-02   1.90126419e-01  -7.44426996e-02
    3.43788326e-01   2.57870525e-01  -8.00893530e-02   2.70420730e-01]
 [ -1.02906391e-01   8.02188575e-01  -1.10876942e+00  -2.85728812e-01
   -1.57521114e-01  -3.28784026e-02   4.82401028e-02  -9.55375955e-02
    3.76609772e-01  -1.08488806e-01   1.80600777e-01  -1.14469856e-01
   -8.89110491e-02   2.67707139e-01   9.28253308e-03  -9.68959853e-02]
 [  2.84143630e-02   5.99430680e-01  -1.49901259e+00  -2.16691583e-01
    6.02831304e-01  -6.04063906e-02   5.07620394e-01   1.11404531e-01
    4.30218548e-01  -2.32234329e-01   7.27680698e-02  -2.91370273e-01
   -8.04149386e-05   2.38912612e-01   1.17029801e-01  -4.95110117e-02]
 [ -2.17871249e-01   7.24426508e-01  -8.10519278e-01  -4.11689878e-01
    2.60751639e-02  -4.26094458e-02  -2.00504422e+00  -1.54584637e-02
    3.56336564e-01  -8.87144357e-02   2.87650228e-01  -2.29207188e-01
    9.19148698e-02   9.71179157e-02   6.97260574e-02   4.40158732e-02]
 [ -1.22427903e-01   1.04842305e+00  -1.23925090e+00  -2.75985628e-01
   -5.69689553e-03   5.97457737e-02  -2.67487139e-01  -3.34526375e-02
    2.44011864e-01  -2.19491441e-02   3.06589365e-01  -1.55437201e-01
    1.36877596e-01   1.19459160e-01   5.13748527e-02  -8.23008269e-02]
 [  1.58960328e-01   2.01375922e-03  -6.43664539e-01  -1.16625381e+00
    7.37918690e-02  -1.51822343e-01   2.99599975e-01  -8.05524349e-01
    1.14880598e+00   3.42404246e-02   2.70561595e-02   2.55350202e-01
    4.59128410e-01   2.04406440e-01  -9.51552466e-02   1.38481513e-01]
 [ -1.34353101e-01   5.67513704e-01  -1.59958065e+00  -3.59047204e-01
   -1.14193730e-01  -2.93311514e-02  -2.06148595e-01   1.00220751e-03
    4.48240608e-01  -4.80912328e-01   2.82518804e-01  -2.88154185e-01
    1.54391751e-01   2.18467191e-01  -1.79213047e-01  -2.74170816e-01]
 [  1.46768659e-01   6.34978294e-01  -1.30359232e+00  -1.48101342e+00
    4.36658189e-02   1.51974201e-01   2.32057162e-02  -5.03002442e-02
    9.90595579e-01  -3.11917603e-01   4.70654130e-01   7.26971552e-02
    9.03913826e-02  -5.42752817e-02   8.89920965e-02   1.31080791e-01]
 [  1.33171186e-01   1.06519401e+00  -1.40658605e+00  -7.07189381e-01
    6.21475801e-02  -5.57026118e-02  -2.82575786e-01  -3.40379700e-02
    4.31809366e-01   1.98345594e-02   3.69461507e-01  -2.84542352e-01
   -1.07036583e-01   4.66337055e-01  -2.09194079e-01  -2.07674742e-01]
 [  9.90819302e-04   6.41064998e-03  -2.33663380e-01   5.23373717e-04
    4.17737663e-03  -1.27272727e-03   2.14709667e-04  -2.77156616e-03
   -1.08706369e-03  -1.48185892e-02  -1.60725799e-03   3.62341903e-04
   -3.30340043e-02  -5.80825610e-04   9.97215509e-01  -3.34739201e-02]
 [ -2.16258258e-01   7.27762520e-01  -1.38995743e+00  -7.25253463e-01
    5.49329408e-02  -3.54181640e-02   1.22972138e-01  -1.33521557e-01
    1.39127111e+00  -2.57697523e-01   2.94786897e-02  -4.24568832e-01
    5.00894427e-01   6.20419458e-02   9.19672847e-02   8.08121040e-02]
 [ -7.99185783e-02   8.75072181e-01  -1.39931703e+00  -4.33411807e-01
   -1.48642391e-01   6.11191690e-02  -2.49151051e-01  -1.46825507e-01
    3.92852873e-01  -1.25015154e-01   2.76065320e-01  -1.27570033e-01
    4.26575989e-01   2.62140464e-02  -1.08823866e-01  -2.08651677e-01]]
Bob
[[ -9.35642570e-02   4.50053886e-02   3.67928416e-01   7.27310106e-02
    3.08016408e-02  -4.73605357e-02  -5.83496206e-02   4.38618241e-03
   -1.05072804e-01   3.20149697e-02   1.48839746e-02  -1.66578572e-02
   -1.06467661e-02  -2.17850015e-01  -1.38504459e-02   8.53482708e-02]
 [ -9.09449309e-02   6.15623295e-02   3.60433668e-01   7.72926733e-02
    3.17092314e-02  -4.45532054e-02  -5.24518900e-02   7.82551058e-03
   -9.33648720e-02   3.37426141e-02   1.47317499e-02  -1.56017160e-02
   -1.12658283e-02  -2.28857696e-01  -1.28829023e-02   8.38118717e-02]
 [ -8.56538266e-02   4.39052731e-02   3.59616339e-01   7.35969692e-02
    3.08999270e-02  -4.93855886e-02  -5.93039319e-02   3.61371133e-03
   -9.96241197e-02   3.24251093e-02   1.36369681e-02  -1.65823959e-02
   -9.15682316e-03  -2.26203561e-01  -1.33366250e-02   8.75617787e-02]
 [ -9.56466198e-02   1.99434057e-01   3.62302095e-01   9.86936986e-02
    3.72963063e-02  -1.68450773e-02  -1.75203029e-02   5.22003658e-02
   -6.34654760e-02   3.84640135e-02   1.30970255e-02  -1.05763432e-02
   -2.17971876e-02  -2.29028404e-01   8.44810996e-03   3.53539325e-02]
 [ -8.49869251e-02   3.94761227e-02   3.65103722e-01   7.31562376e-02
    3.00092641e-02  -4.80849594e-02  -5.96271083e-02   2.80455244e-03
   -1.00136027e-01   2.76909545e-02   1.11424131e-02  -1.45321889e-02
   -6.09677983e-03  -2.56800801e-01  -1.05251726e-02   9.07541290e-02]
 [ -9.53948721e-02   4.61504646e-02   3.72379541e-01   6.87628314e-02
    2.87512802e-02  -4.06192169e-02  -4.86640930e-02   3.38027184e-03
   -1.01567507e-01   2.89581753e-02   1.46060959e-02  -1.41107393e-02
   -1.10902274e-02  -2.44855165e-01  -1.46705983e-02   8.44000131e-02]
 [ -8.95637274e-02   4.77650501e-02   3.57225388e-01   7.26797357e-02
    2.92864479e-02  -4.38607261e-02  -5.19578531e-02   4.76334803e-03
   -9.54048410e-02   2.64804624e-02   1.31852543e-02  -1.64604504e-02
   -8.82959459e-03  -2.52689064e-01  -1.24691240e-02   8.11459497e-02]
 [ -8.57175961e-02   4.54552881e-02   3.56464863e-01   6.94110692e-02
    2.87741143e-02  -4.54632230e-02  -5.36045395e-02   3.56509490e-03
   -1.00074328e-01   3.04297656e-02   1.54013475e-02  -1.46598155e-02
   -1.04369214e-02  -2.51950026e-01  -1.30678732e-02   8.75949860e-02]
 [ -9.71783400e-02   4.40495797e-02   3.80429327e-01   7.06301108e-02
    2.97270752e-02  -4.41705063e-02  -5.22642508e-02   3.18949344e-03
   -1.03102826e-01   2.88006179e-02   1.23680402e-02  -1.27111785e-02
   -9.77597106e-03  -2.48351634e-01  -1.27304746e-02   8.93776044e-02]
 [ -7.75810182e-02   2.23069675e-02   3.48037124e-01   5.93538024e-02
    2.59898119e-02  -4.90568839e-02  -5.96633367e-02  -2.09729560e-03
   -1.08836055e-01   2.61836965e-02   1.50602292e-02  -1.46648018e-02
   -8.07532016e-03  -2.57112861e-01  -1.21388305e-02   9.17491615e-02]
 [ -8.38110596e-02   3.79257090e-02   3.58916104e-01   7.50779286e-02
    3.11583728e-02  -5.36141396e-02  -6.38176650e-02   2.83770030e-03
   -1.00229077e-01   3.14486995e-02   1.11705596e-02  -1.62291676e-02
   -7.00513413e-03  -2.39823937e-01  -1.16022304e-02   9.07126218e-02]
 [ -8.79500881e-02   3.32618542e-02   3.75033528e-01   6.64919689e-02
    2.76244041e-02  -4.68117222e-02  -5.67505732e-02   1.45364902e-03
   -1.07315339e-01   2.71645226e-02   1.34913800e-02  -1.41620673e-02
   -8.73787515e-03  -2.57656604e-01  -1.24182599e-02   8.93486813e-02]
 [ -8.04047734e-02   3.99287045e-02   3.39874864e-01   7.04421625e-02
    2.94972342e-02  -5.08445054e-02  -5.75733036e-02   2.35313410e-03
   -9.64480713e-02   3.18476669e-02   1.36459544e-02  -1.83007903e-02
   -9.75683797e-03  -2.34460205e-01  -1.45369312e-02   8.39111134e-02]
 [ -7.90878758e-02   3.60360444e-02   3.40076625e-01   6.36068210e-02
    2.69301143e-02  -4.66023795e-02  -5.65128103e-02   1.48120907e-03
   -1.04181953e-01   3.10832858e-02   1.77816004e-02  -1.61881261e-02
   -1.10340640e-02  -2.42721662e-01  -1.45107433e-02   8.63798484e-02]
 [ -3.31956893e-02  -1.24528423e-01   3.18072498e-01   1.34732556e-02
   -8.46675411e-02   1.40818045e-01   9.35422257e-02  -1.27356386e+00
   -9.94365662e-02   1.22752516e-02   8.38498995e-02  -1.00081740e-02
   -3.00683063e-02  -2.71340162e-01  -8.77409894e-03   9.78406146e-03]
 [ -8.19723457e-02   3.87156941e-02   3.54125440e-01   6.96579665e-02
    2.87574381e-02  -4.79608364e-02  -5.78883700e-02   2.32083024e-03
   -1.00891821e-01   2.95425039e-02   1.32276807e-02  -1.50758382e-02
   -8.29728227e-03  -2.55516350e-01  -1.21808881e-02   8.92510787e-02]
 [ -1.31727355e-02   4.00418462e-03   1.86933622e-01   7.76289590e-03
    1.06564478e-03  -8.73635150e-03   2.91394000e-03  -9.36468598e-04
    5.02509624e-03   6.34573726e-03  -6.08248496e-03   6.29011914e-03
   -4.14484227e-03  -9.56714377e-02   4.74919798e-03   2.32594367e-03]
 [ -1.27292946e-02   3.83839337e-03   1.82117075e-01   7.57995388e-03
    1.08213676e-03  -8.56742449e-03   2.71303160e-03  -9.01063147e-04
    5.08188410e-03   6.11287402e-03  -5.73110627e-03   6.15861686e-03
   -4.03520372e-03  -9.92517099e-02   4.70503047e-03   2.36606738e-03]
 [ -1.28960973e-02   3.90515197e-03   1.80893496e-01   7.67636020e-03
    9.60344158e-04  -8.63241311e-03   2.85099936e-03  -9.33344068e-04
    4.89169685e-03   6.24399027e-03  -5.75724663e-03   6.19841041e-03
   -4.07231972e-03  -9.12652463e-02   4.67669917e-03   2.11853976e-03]
 [ -1.30826132e-02   3.84730194e-03   1.84612751e-01   7.76252663e-03
    1.01764314e-03  -8.79078358e-03   2.74516596e-03  -9.12134419e-04
    5.20879077e-03   6.21018559e-03  -5.79209253e-03   6.27628388e-03
   -4.13471460e-03  -9.53983068e-02   4.78614820e-03   2.32587359e-03]
 [ -1.29609136e-02   3.84136662e-03   1.80834904e-01   7.61109916e-03
    9.05963010e-04  -8.58199224e-03   2.96416390e-03  -9.83853941e-04
    4.91714058e-03   6.19192561e-03  -5.84355602e-03   6.22496940e-03
   -4.10322845e-03  -9.69172195e-02   4.66026831e-03   2.40713777e-03]
 [ -1.34692527e-02   3.36167845e-03   1.90222397e-01   7.69042224e-03
    1.10528490e-03  -8.75569228e-03   2.55616195e-03  -9.28069116e-04
    4.91675874e-03   6.08154200e-03  -5.84649993e-03   6.16285810e-03
   -4.03692061e-03  -9.47232395e-02   4.81850095e-03   2.32150685e-03]
 [ -1.30714793e-02   3.87129863e-03   1.91060260e-01   7.78187672e-03
    9.91881359e-04  -8.67226254e-03   2.92845326e-03  -9.44771688e-04
    4.99299448e-03   6.33128872e-03  -5.97467925e-03   6.30455930e-03
   -4.08733869e-03  -9.86174718e-02   4.74770181e-03   2.27735960e-03]
 [ -1.26467282e-02   3.88780073e-03   1.83862939e-01   7.65295560e-03
    9.46168322e-04  -8.53426475e-03   2.82739615e-03  -8.88157403e-04
    5.00999345e-03   6.30364055e-03  -5.73502015e-03   6.18595583e-03
   -4.01839055e-03  -9.85133573e-02   4.68644034e-03   2.26023537e-03]
 [ -1.33782104e-02   3.44266789e-03   1.79746404e-01   7.64727267e-03
    9.60004865e-04  -8.75006896e-03   2.78147543e-03  -1.01371587e-03
    4.69417218e-03   6.17673621e-03  -5.85588580e-03   6.21908205e-03
   -4.08918923e-03  -9.65259969e-02   4.78230277e-03   2.32933788e-03]
 [ -1.28974039e-02   3.81125859e-03   1.90092206e-01   7.64852110e-03
    9.18664038e-04  -8.58334731e-03   2.78247800e-03  -9.46329033e-04
    5.26808342e-03   6.07525278e-03  -5.67728793e-03   6.14579208e-03
   -4.05649468e-03  -9.76599082e-02   4.66570165e-03   2.54320609e-03]
 [ -1.31002292e-02   3.80148971e-03   1.81507006e-01   7.71905016e-03
    9.67149797e-04  -8.68053082e-03   2.79370556e-03  -9.49415728e-04
    5.34165045e-03   6.13696221e-03  -5.68291638e-03   6.22327393e-03
   -4.12242347e-03  -9.93596762e-02   4.76280553e-03   2.45392835e-03]
 [ -1.30449869e-02   3.66985472e-03   1.91087395e-01   7.53588416e-03
    1.04330247e-03  -8.54732282e-03   2.66008405e-03  -9.10746923e-04
    5.09608863e-03   6.02351362e-03  -5.81426080e-03   6.05405169e-03
   -4.03215270e-03  -9.52768028e-02   4.65106592e-03   2.44658208e-03]
 [ -1.29933488e-02   3.86288459e-03   1.82894602e-01   7.68396351e-03
    1.14137132e-03  -8.66188202e-03   2.76420638e-03  -9.11643729e-04
    5.27898641e-03   6.14674902e-03  -5.65219903e-03   6.16765954e-03
   -4.07491624e-03  -9.83960554e-02   4.71275067e-03   2.26793857e-03]
 [ -1.31063666e-02   3.46581289e-03   1.82587802e-01   7.74138980e-03
    1.01452775e-03  -8.72495398e-03   2.53515737e-03  -9.11574287e-04
    5.06997108e-03   6.12234138e-03  -5.53817907e-03   6.15756400e-03
   -4.02819365e-03  -9.64451432e-02   4.73227678e-03   2.31966539e-03]
 [ -1.27393361e-02   3.95730976e-03   1.82509944e-01   7.75670959e-03
    9.44891770e-04  -8.58944468e-03   2.87178624e-03  -9.46315995e-04
    5.17503032e-03   6.20109960e-03  -5.61324460e-03   6.18802104e-03
   -4.08060895e-03  -9.76080745e-02   4.71780542e-03   2.31093913e-03]
 [ -1.28302965e-02   3.72975599e-03   1.83177635e-01   7.61898374e-03
    9.93839814e-04  -8.59018601e-03   2.70326133e-03  -9.37575474e-04
    5.07100951e-03   6.10452285e-03  -5.65944286e-03   6.13705860e-03
   -4.03422443e-03  -9.63544622e-02   4.72033443e-03   2.31502741e-03]
 [ -7.90562630e-01   6.91264927e-01  -2.03884095e-02   3.50885481e-01
   -4.09012707e-03  -2.74030447e-01  -1.22858971e-01  -6.85809135e-01
   -1.30429161e+00  -4.44260202e-02   1.38716064e-02   5.57013214e-01
   -5.48355937e-01  -4.95386422e-02   3.21572542e-01  -1.08000442e-01]
 [ -8.29871237e-01  -1.73640326e-02  -5.39562898e-03   2.03861874e-02
    2.53486298e-02  -9.04347673e-02  -1.16970809e-02  -1.88424811e-01
   -1.26114488e+00   1.40819727e-02  -5.78705333e-02   4.49247837e-01
   -1.40989378e-01  -6.00770861e-02   4.80364084e-01   4.66862507e-02]
 [ -8.82960737e-01  -2.40163624e-01   5.32600190e-03   2.77485728e-01
    2.11517811e-01  -3.93793166e-01  -1.35347769e-01  -9.43789005e-01
   -1.14340293e+00  -1.81129458e-03  -2.64461368e-01   3.16252798e-01
   -3.20981443e-01  -2.82921433e-03   3.99695009e-01  -6.86407760e-02]
 [ -1.07509291e+00   3.90617400e-02  -6.17069844e-03   3.92652005e-01
   -3.61698449e-01  -5.08180916e-01   5.27847148e-02  -1.75593182e-01
   -9.20266986e-01   2.04957098e-01  -1.72138259e-01   1.30791402e+00
   -4.79839891e-01  -1.69242665e-01   6.87819898e-01   3.00805897e-01]
 [ -6.04170620e-01   5.13840735e-01  -2.04527024e-02   9.09046829e-02
   -1.29697859e-01   6.65142536e-02   9.36949968e-01   5.77707216e-02
   -8.85688901e-01  -9.19765383e-02  -1.07269296e-02   5.37068605e-01
   -1.55464977e-01  -8.89342055e-02   8.50067377e-01  -8.11629593e-02]
 [ -5.82629859e-01   1.83937147e-01   1.36849806e-01   2.81865418e-01
   -8.15798193e-02  -1.73618004e-01   6.69166595e-02  -1.83342054e-01
   -1.52547431e+00  -3.06678917e-02  -1.08953901e-01   3.99825573e-01
   -9.02747065e-02  -4.00663428e-02   9.15540934e-01   6.51300848e-02]
 [ -6.65248334e-01   1.52681634e-01  -2.50680465e-02  -3.23467404e-02
   -5.04458807e-02   1.14172891e-01   3.99916857e-01   1.60376298e+00
   -1.00027311e+00  -1.14437761e-02   7.94778690e-02   9.42440033e-02
   -1.52390361e-01   5.88868037e-02   2.81349212e-01  -5.14914691e-01]
 [ -1.07203417e-01   1.40310749e-01  -3.65010872e-02  -1.91938937e-01
    5.73668862e-03  -2.14176536e-01  -1.20387591e-01   2.79751778e-01
   -6.96708560e-01  -7.62988269e-01  -3.14521551e-01   1.10195923e+00
   -2.01818272e-01  -7.81438127e-02   9.57543731e-01  -1.27868012e-01]
 [ -5.43999553e-01  -7.16575235e-02  -1.11112865e-02   1.81269556e-01
   -1.48780262e-02  -2.39662886e-01   1.02167353e-01  -5.28434664e-02
   -6.60602570e-01  -1.43227220e-01  -1.51056185e-01   7.11191654e-01
   -2.35605523e-01   9.00688022e-02   1.30276811e+00  -2.22818270e-01]
 [ -6.52356207e-01  -1.07647583e-01  -2.54379567e-02   1.38052434e-01
    1.16386421e-01  -1.40471980e-01   1.39507055e-01   2.34876052e-01
   -1.52643597e+00  -1.57544874e-02  -1.69246361e-01   2.52068341e-01
   -3.60742033e-01   3.55668478e-02   3.89732599e-01   2.93702185e-01]
 [ -4.07692701e-01   3.17374855e-01   8.51135552e-02   1.45830780e-01
    1.49594069e-01  -2.33993903e-01   5.55913150e-02  -9.84719619e-02
   -1.22341645e+00   3.78575213e-02   8.05234462e-02   8.06122780e-01
   -5.99220872e-01   8.01338255e-02   4.68169898e-01   2.89099693e-01]
 [ -6.58932447e-01  -1.57179669e-01   1.61400437e-01   3.39930654e-01
   -4.27710377e-02  -1.05609424e-01  -3.21746878e-02   1.06216863e-01
   -9.24727082e-01   2.82696486e-02   8.23117793e-02   9.48332608e-01
   -2.04383954e-03  -2.44243160e-01   9.62968349e-01  -2.80095302e-02]
 [ -9.25935805e-01  -9.44693983e-02  -1.26802083e-02   4.40474868e-01
   -1.23573959e-01  -5.48749745e-01   9.77922380e-02   3.75860006e-01
   -1.30016685e+00   8.96108802e-04   9.62697938e-02   3.66489559e-01
   -2.17971638e-01   9.70993936e-02   1.26777411e-01  -3.80419999e-01]
 [ -6.75919056e-01  -1.62371263e-01  -2.44091917e-02   1.41587153e-01
    4.59684581e-02  -2.23812968e-01   9.03079882e-02  -3.33379433e-02
   -1.48991144e+00  -1.28662838e-02   1.24923941e-02   3.88658494e-01
   -1.62803173e-01   5.10891760e-03   4.00489360e-01  -2.04333842e-01]
 [ -8.77327323e-01   1.30192801e-01  -1.60776824e-03  -1.11340605e-01
    3.46315242e-02  -1.39652714e-01   1.53473198e-01   2.03248888e-01
   -1.12945831e+00   1.28333479e-01  -3.29164565e-01   7.32925057e-01
    1.79430712e-02   6.86430216e-01   5.80991149e-01   4.24149573e-01]
 [ -4.28226918e-01  -7.68645480e-02   3.30185750e-03   1.97240151e-02
    1.19146812e+00  -9.80167091e-03   9.97162163e-02  -2.66869145e-04
   -6.25658810e-01  -1.03871254e-02   3.47033441e-01  -3.09921414e-01
   -1.44003347e-01   8.13451782e-03  -3.01854938e-01  -4.31472987e-01]]
Eve
[[ -3.14439774e-01   1.45150995e+00  -7.78070331e-01  -3.05562913e-01
    7.05105782e-01  -1.37934506e-01   2.40439568e-02  -6.67717516e-01
    2.86810130e-01  -6.93158984e-01  -5.47937751e-01  -5.12778640e-01
    6.53046787e-01   5.00811517e-01   1.61349878e-01  -7.15267733e-02]
 [ -3.65511805e-01   1.29238164e+00  -9.25781727e-01  -2.51452625e-01
    6.75540864e-01  -1.34958148e-01   2.92671137e-02  -6.25973225e-01
    4.02570486e-01  -6.72197342e-01  -4.80757564e-01  -4.62585181e-01
    6.42973959e-01   4.73063380e-01   1.56247482e-01  -7.14277104e-02]
 [ -3.08180839e-01   1.23883700e+00  -1.03434706e+00  -3.04835588e-01
    7.05720186e-01  -1.35188118e-01   4.27626818e-02  -6.69997513e-01
    3.38224947e-01  -6.62690282e-01  -5.43690026e-01  -5.10444522e-01
    6.57847106e-01   4.96650904e-01   1.60867497e-01  -7.31193796e-02]
 [ -7.80252218e-01   1.17983890e+00  -7.61783004e-01  -1.83507234e-01
    4.62831289e-01  -1.08891621e-01  -8.27140920e-03  -3.42070758e-01
    4.60366070e-01  -4.89051014e-01  -1.56176284e-01  -1.66440710e-01
    4.86425132e-01   2.96867073e-01   8.49951431e-02  -2.44962927e-02]
 [ -2.95178235e-01   1.13566208e+00  -1.16815686e+00  -3.97060782e-01
    6.98097348e-01  -1.21620081e-01   4.28234562e-02  -6.61351800e-01
    4.04945076e-01  -6.36736691e-01  -5.41022956e-01  -5.03333330e-01
    6.64216042e-01   5.07293999e-01   1.54050604e-01  -8.43651518e-02]
 [ -3.00245702e-01   1.42752182e+00  -1.08986974e+00  -2.82139271e-01
    6.99987292e-01  -1.29339457e-01   1.40209068e-02  -6.56931877e-01
    4.32874292e-01  -6.87946975e-01  -5.45550346e-01  -5.10638535e-01
    6.44716918e-01   5.10879517e-01   1.54320344e-01  -8.25440139e-02]
 [ -3.15663844e-01   1.33778536e+00  -1.30721307e+00  -3.65255654e-01
    6.89950466e-01  -1.26078665e-01   2.20763683e-02  -6.40540481e-01
    3.95331621e-01  -6.81689084e-01  -5.30991435e-01  -5.06227434e-01
    6.49287105e-01   5.10174096e-01   1.49603188e-01  -8.40467662e-02]
 [ -2.94372529e-01   1.19350982e+00  -1.14397800e+00  -2.96515405e-01
    7.03561842e-01  -1.33297294e-01   2.73750033e-02  -6.57402217e-01
    4.35221225e-01  -6.83924794e-01  -5.42737246e-01  -5.24461210e-01
    6.16502047e-01   5.08897603e-01   1.56354710e-01  -7.96848238e-02]
 [ -3.06318343e-01   1.37292957e+00  -9.65573907e-01  -3.10477853e-01
    6.94717705e-01  -1.23629540e-01   2.39593666e-02  -6.57638609e-01
    4.36094582e-01  -6.66076541e-01  -5.34792483e-01  -4.93728936e-01
    6.52248323e-01   5.00719786e-01   1.56348020e-01  -8.29169974e-02]
 [ -2.01048017e-01   1.09887576e+00  -1.47401869e+00  -3.98388147e-01
    7.40660012e-01  -1.31211251e-01   2.88612898e-02  -7.07201660e-01
    3.87231290e-01  -6.81386352e-01  -6.24365330e-01  -6.01449728e-01
    6.75405502e-01   5.44839740e-01   1.56670675e-01  -8.83119255e-02]
 [ -3.02086532e-01   1.13089883e+00  -1.04551840e+00  -3.41604829e-01
    7.05109239e-01  -1.28811225e-01   5.60111180e-02  -6.72179222e-01
    3.54149222e-01  -6.29024208e-01  -5.50855398e-01  -5.12237072e-01
    6.48272932e-01   4.97017056e-01   1.58730268e-01  -7.59636313e-02]
 [ -2.58845091e-01   1.28583872e+00  -1.10251784e+00  -3.64440084e-01
    7.19573200e-01  -1.25212848e-01   2.51651257e-02  -6.85689330e-01
    4.02523130e-01  -6.85883880e-01  -5.79792023e-01  -5.44969261e-01
    6.25677168e-01   5.22362590e-01   1.55100644e-01  -8.49943310e-02]
 [ -2.85785884e-01   1.15845406e+00  -1.37413633e+00  -2.78584301e-01
    7.15278804e-01  -1.36713922e-01   4.52853553e-02  -6.73439145e-01
    3.55898738e-01  -6.56156838e-01  -5.72687626e-01  -5.47325790e-01
    6.43539906e-01   5.06241739e-01   1.57549411e-01  -7.39297569e-02]
 [ -2.48076111e-01   1.16421366e+00  -1.28737581e+00  -2.93941677e-01
    7.31523573e-01  -1.41760081e-01   2.28362437e-02  -6.89760625e-01
    3.84494424e-01  -6.94116414e-01  -5.89449167e-01  -5.80397308e-01
    6.35210276e-01   5.27075469e-01   1.58657312e-01  -7.78784156e-02]
 [ -2.20690835e-02   1.26211298e+00  -1.88542747e+00  -5.06567478e-01
    6.32363498e-01  -8.71643797e-02  -2.45312548e+00  -4.87461984e-01
    3.08088273e-01  -4.01860893e-01  -4.21789318e-01  -3.84277910e-01
    3.66376728e-01   5.34661114e-01   8.66628885e-02  -4.52277921e-02]
 [ -2.77586609e-01   1.09092236e+00  -1.23791170e+00  -3.40776235e-01
    7.08987534e-01  -1.28371477e-01   3.83382142e-02  -6.70424759e-01
    4.10122544e-01  -6.58287823e-01  -5.62307298e-01  -5.33223331e-01
    6.36711836e-01   5.12050807e-01   1.54568881e-01  -8.19095075e-02]
 [ -6.67230248e-01   8.85372400e-01  -1.22040665e+00  -4.59387183e-01
    5.18457651e-01   7.24679604e-02  -1.13759363e+00  -6.83938384e-01
    2.05955043e-01  -3.24465662e-01  -3.22730839e-02  -1.52702153e-01
    3.89731348e-01   4.95317698e-01   1.36782154e-01  -3.02395374e-01]
 [  2.81739891e-01   8.42255831e-01  -1.26613247e+00  -3.57299715e-01
    1.78935915e-01   1.53802589e-01  -9.15205926e-02  -5.49096465e-01
    4.45823640e-01   6.79838210e-02   3.00681412e-01  -1.09217040e-01
    1.99570246e-02  -1.04603671e-01  -9.50582549e-02  -2.14206815e-01]
 [  6.62627757e-01   8.46642911e-01  -1.16076446e+00  -2.38028944e-01
   -1.56902000e-01   1.76897123e-01  -1.15141606e+00   2.71854669e-01
    2.34912992e-01  -6.00335658e-01   8.42397213e-01   6.19309366e-01
    1.58006757e-01  -7.24682987e-01   1.47539964e-02  -4.21034783e-01]
 [  5.28328121e-01   1.11546040e+00  -7.45885730e-01  -8.36781025e-01
   -6.59696043e-01   6.96921706e-01  -2.62106538e-01   3.03602993e-01
    8.98928702e-01   3.84882689e-02   1.17260337e+00   9.82378721e-01
   -8.79769102e-02  -1.05822480e+00  -3.15477848e-01  -3.82472515e-01]
 [ -2.39368364e-01   1.02259135e+00  -6.87995791e-01  -7.55043387e-01
   -6.22663125e-02  -7.16549456e-02  -3.23338628e-01   5.06103098e-01
    7.49098122e-01   3.89166296e-01   4.49620873e-01   8.75116169e-01
   -3.08531582e-01  -6.66208804e-01  -8.10252652e-02  -7.03627840e-02]
 [  2.63911366e-01   1.01311338e+00  -1.24044776e+00  -3.26897621e-01
   -5.39028823e-01   5.44904530e-01  -9.01753068e-01   6.36592686e-01
    6.09408617e-01   2.31562704e-01   8.94706428e-01   6.17438853e-01
   -5.82248151e-01  -9.01562512e-01  -4.06170577e-01  -8.13739300e-01]
 [  2.12488566e-02   1.24427402e+00  -1.04578817e+00   9.44742784e-02
   -2.38014050e-02  -4.23442423e-02   1.84309363e+00  -1.29219750e-02
    8.50776955e-02   5.44661343e-01   4.59426105e-01   2.30059281e-01
   -4.08031374e-01  -5.20966232e-01  -3.15430723e-02  -4.57403898e-01]
 [ -4.67702091e-01   9.62139010e-01  -5.21468163e-01  -1.04303741e+00
   -3.63188922e-01   3.26087207e-01   1.23336283e-03   2.10861303e-03
    9.54803348e-01   3.10807467e-01   4.66471583e-01   2.60836422e-01
   -3.04326452e-02  -6.04397357e-01  -4.67292666e-01  -4.07519639e-01]
 [  2.36763835e-01   7.84469962e-01  -6.23108089e-01  -7.38583267e-01
   -2.12688744e-01  -4.17433828e-02  -3.14924926e-01   3.58009666e-01
    1.20189166e+00   2.93130279e-01   5.85044980e-01   8.52267206e-01
   -9.09040272e-02  -8.38419557e-01  -4.32149656e-02  -3.24703246e-01]
 [  2.96463966e-01   9.50532079e-01  -1.47667420e+00  -1.35861278e-01
   -2.46464878e-01   4.73853141e-01  -6.02809153e-02   1.53972521e-01
    3.71987641e-01  -6.20395541e-01   3.89872432e-01   5.20584047e-01
    1.26621306e-01  -4.67523396e-01  -1.91155195e-01  -2.67999232e-01]
 [ -3.44089627e-01   1.08665621e+00  -1.11254585e+00  -4.09047693e-01
   -6.10211313e-01   2.83398956e-01  -5.98955691e-01   4.94992375e-01
    5.59820771e-01  -1.38755724e-01   1.08976185e+00   7.80648172e-01
   -2.45235339e-01  -1.04747367e+00  -1.67116031e-01  -3.75032753e-01]
 [  2.54995584e-01   1.26591814e+00  -9.83283758e-01  -9.04888093e-01
   -4.25553262e-01   4.66117322e-01  -1.73641592e-01   4.22027618e-01
    8.37692916e-01   7.82626420e-02   6.24009132e-01   1.26150870e+00
   -3.60465884e-01  -9.19574380e-01  -5.51163256e-01  -3.92327160e-01]
 [  3.96043330e-01   9.02698934e-01  -1.22222257e+00  -1.03868440e-01
    8.22051540e-02   2.29107633e-01   1.24146692e-01   1.24485224e-01
   -5.34881875e-02  -2.81700552e-01   3.04577142e-01   2.04524286e-02
    3.23968172e-01  -1.60657912e-01   1.07512034e-01  -4.81108069e-01]
 [  2.62396246e-01   1.20666552e+00  -1.20139515e+00  -4.30235207e-01
    2.11714506e-01   3.69195640e-02  -7.35492483e-02  -3.88838679e-01
    2.08696902e-01  -5.24672568e-01  -1.11297175e-01   9.41233486e-02
    1.55554712e-01  -4.88521099e-01   6.03431240e-02  -5.96773624e-01]
 [ -1.27750099e-01   2.68464476e-01  -9.76232827e-01  -7.12694347e-01
   -1.16383553e+00   8.52397263e-01  -1.94815233e-01   1.43500793e+00
    7.05898225e-01   3.20604533e-01   1.16910684e+00   1.33231843e+00
    1.66748464e-02  -1.21530080e+00   1.88899815e-01  -2.70642608e-01]
 [  2.30426461e-01   3.65505517e-01  -1.58928418e+00  -4.48481768e-01
    3.16974789e-01  -3.88672739e-01  -1.34267554e-01  -3.10809642e-01
    2.35273510e-01  -1.31793514e-01  -7.49991983e-02  -5.67168057e-01
    3.35476279e-01   6.47488832e-01   2.41974264e-01   1.55827689e+00]
 [  5.88305116e-01   3.82928073e-01  -1.22238576e+00  -2.35815048e-01
    3.67200375e-02  -4.96075265e-02   1.32279217e-01   1.66260749e-01
    2.88453460e-01   5.93268514e-01   4.43198830e-01   7.23498404e-01
   -1.90716490e-01  -5.31887352e-01  -8.60535428e-02  -2.89697379e-01]
 [ -1.36491263e+00   1.02215314e+00  -8.65047097e-01  -5.23492217e-01
    4.57448214e-01  -8.01575091e-03   6.53885379e-02  -6.99982107e-01
    4.98677611e-01  -9.95679975e-01   4.85144602e-03   2.49179840e-01
    4.56840724e-01   9.53592286e-02   6.78402260e-02  -4.86433119e-01]
 [ -2.47213487e-02   1.25874352e+00  -6.62771821e-01  -2.70161688e-01
   -1.02381125e-01  -2.32264066e+00  -4.25126478e-02   5.89237988e-01
    3.52745354e-01   1.00845277e+00  -1.17804039e+00  -1.03634310e+00
   -9.31689739e-02   9.41588819e-01   1.12166358e-02  -2.65173703e-01]
 [ -2.49430493e-01   6.25158429e-01  -1.11171973e+00  -1.02930240e-01
    1.54608697e-01  -7.63621554e-02   1.16078988e-01  -9.12248939e-02
   -2.15624664e-02  -4.49830703e-02   6.69984102e-01   8.00725400e-01
   -3.51425797e-01  -4.26414937e-01  -2.24902749e-01  -3.64916682e-01]
 [ -1.53063700e-01   9.50574934e-01  -1.09150970e+00  -4.20265466e-01
   -5.41604459e-01   1.98649868e-01  -1.24079756e-01   6.54889107e-01
    6.46089554e-01   3.00713390e-01   7.30968118e-01   8.34427834e-01
   -3.50836188e-01  -9.36128080e-01  -8.21246147e-01   2.64548957e-01]
 [  2.90651768e-01   7.99881637e-01  -8.48681390e-01  -1.78660944e-01
   -2.55234718e-01   2.48779103e-01   1.36978310e-02   1.78469837e-01
    8.82073268e-02   1.38227791e-01   7.16246068e-01   7.78683841e-01
   -2.33309150e-01  -1.10944450e+00  -1.27763391e-01  -3.44912440e-01]
 [  1.77475572e-01   8.62237751e-01  -1.00585461e+00  -2.19464555e-01
   -2.41683170e-01  -1.63068205e-01   9.32579815e-01   5.96077323e-01
    1.28194869e-01   2.60066211e-01   3.22540939e-01   8.29940915e-01
   -3.52066010e-01  -2.71640509e-01   2.06105843e-01  -2.35050887e-01]
 [  3.74462456e-01   1.05170417e+00  -1.70732617e+00  -1.32771730e-01
    2.31241852e-01  -7.31353685e-02  -2.50291991e+00  -3.23520631e-01
    2.43555918e-01  -1.84930190e-01  -9.46994126e-02   6.50695488e-02
    2.38365769e-01   1.61241919e-01  -6.10666908e-02  -2.86010087e-01]
 [  1.60415873e-01   1.09612036e+00  -1.92148912e+00  -3.16049755e-01
    2.82819215e-02   1.33611962e-01  -2.12716177e-01  -2.79593468e-01
    4.46456969e-01  -6.18392788e-02   4.54299539e-01   1.96135759e-01
    4.77284700e-01  -3.02656114e-01  -1.33141622e-01  -3.06925774e-01]
 [  1.25914693e-01   1.85170606e-01  -6.02546573e-01  -1.43448007e+00
   -4.97366011e-01  -5.08143529e-02   6.36797190e-01   2.31375366e-01
    1.06079745e+00   2.28992775e-01   4.58864480e-01   7.25345373e-01
   -5.60760535e-02  -6.75480664e-01  -2.55158186e-01  -2.27335081e-01]
 [  4.25611854e-01   6.29940629e-01  -1.89262664e+00  -1.50125116e-01
   -7.08195210e-01   3.09865296e-01   6.78733215e-02   4.52353776e-01
    2.80964166e-01   1.54957220e-01   5.44545829e-01   7.72922397e-01
    9.89382267e-02  -9.91817653e-01  -7.41089880e-01  -6.06878400e-02]
 [  1.01802565e-01   9.94817972e-01  -1.10788155e+00  -1.04042804e+00
   -3.16712081e-01   3.79917145e-01  -1.67606905e-01   4.24877226e-01
    1.07387841e+00  -1.14908583e-01   8.22304010e-01   6.06011093e-01
   -3.43269348e-01  -8.36562574e-01  -6.98055089e-01  -3.32767010e-01]
 [  3.56246755e-02   1.06054997e+00  -1.28156650e+00  -3.59922320e-01
   -4.39460456e-01   5.73095143e-01  -2.68744797e-01   5.05708814e-01
    3.62738609e-01   9.37200114e-02   8.94518018e-01   1.21020401e+00
   -4.45530474e-01  -1.09169352e+00  -3.97829264e-01  -4.57701534e-01]
 [ -4.76532169e-02   6.86136663e-01  -1.84419513e+00  -3.33777755e-01
    3.64637077e-01   1.52816828e-02  -4.11302783e-02  -5.92038274e-01
    1.86690122e-01  -1.43721253e-01   2.45664075e-01   1.66821793e-01
   -2.47936487e-01  -5.54894209e-01   2.38826561e+00  -2.64783472e-01]
 [ -2.49503180e-02   1.23208773e+00  -1.07754254e+00  -9.39658284e-01
   -3.58847052e-01   4.19679374e-01   1.97238818e-01   3.24844211e-01
    1.42344952e+00   3.15568656e-01   4.25549507e-01   6.78332090e-01
   -1.09996021e-01  -7.44623244e-01  -3.89414072e-01  -4.63574231e-01]
 [ -5.51930308e-01   9.19007719e-01  -1.26521742e+00  -5.48982084e-01
   -4.41314846e-01   1.48314193e-01   1.01114266e-01   4.79279965e-01
    4.38980222e-01  -3.06580216e-01   8.74534771e-02   5.17243922e-01
    5.82006514e-01  -1.65762797e-01  -4.94463801e-01  -7.04741627e-02]]