Alice
[[  3.27411923e-03   3.50490585e-03   3.14531359e-03  -3.38996854e-03
    2.86820740e-03  -3.36364540e-03  -2.14446828e-01  -3.12081492e-03
   -3.14978533e-03  -2.24811256e-01   3.29466444e-03   4.61003231e-03
    3.22894263e-03   3.27699655e-03  -3.13859689e-03  -2.90677254e-03]
 [  3.12981824e-03   3.31724249e-03   2.95814639e-03  -3.25729162e-03
    2.68305023e-03  -3.23772663e-03  -2.14899480e-01  -3.00549483e-03
   -3.06400377e-03  -2.24806324e-01   3.08016012e-03   4.54065576e-03
    3.06006335e-03   3.08367307e-03  -2.98983091e-03  -2.76495959e-03]
 [  3.21880961e-03   3.51878651e-03   3.10979295e-03  -3.37025500e-03
    2.80020921e-03  -3.30506079e-03  -2.12801442e-01  -3.10379476e-03
   -3.05848988e-03  -2.23802596e-01   3.29427654e-03   4.43452178e-03
    3.24444636e-03   3.26590729e-03  -3.13629699e-03  -2.91034300e-03]
 [  3.35925957e-03   3.47419432e-03   3.25580616e-03  -3.46878706e-03
    2.88086827e-03  -3.44068604e-03  -2.15410143e-01  -3.19761597e-03
   -3.15627921e-03  -2.26052493e-01   3.29108210e-03   4.49795322e-03
    3.27614043e-03   3.31267435e-03  -3.26848798e-03  -2.99322885e-03]
 [  3.19952122e-03   3.53383995e-03   3.04529513e-03  -3.34646157e-03
    2.91295233e-03  -3.31543689e-03  -2.16030613e-01  -3.13475076e-03
   -3.19926627e-03  -2.26475567e-01   3.34413024e-03   4.54499107e-03
    3.18203052e-03   3.24765267e-03  -3.03867995e-03  -2.88484129e-03]
 [  3.08585097e-03   3.49221239e-03   2.95729376e-03  -3.24568921e-03
    2.76706228e-03  -3.26785492e-03  -2.15678036e-01  -3.01814638e-03
   -3.10639548e-03  -2.26019368e-01   3.25904065e-03   4.45506908e-03
    3.13492864e-03   3.16829677e-03  -3.08278250e-03  -2.88133533e-03]
 [  3.27550387e-03   3.46897915e-03   3.12119978e-03  -3.37636773e-03
    2.88071739e-03  -3.36095388e-03  -2.15259805e-01  -3.14817531e-03
   -3.17475293e-03  -2.25051209e-01   3.25240917e-03   4.68382891e-03
    3.19811795e-03   3.25821736e-03  -3.10535659e-03  -2.93904380e-03]
 [  3.21201398e-03   3.45601887e-03   3.11738905e-03  -3.36470571e-03
    2.76865298e-03  -3.34132183e-03  -2.14308619e-01  -3.09057231e-03
   -3.03577026e-03  -2.24605426e-01   3.22309718e-03   4.51505696e-03
    3.22332652e-03   3.22651607e-03  -3.16069741e-03  -2.87613296e-03]
 [  3.19768069e-03   3.27086449e-03   3.16116656e-03  -3.27421771e-03
    2.72424007e-03  -3.18356464e-03  -2.13790819e-01  -3.03203496e-03
   -2.82266457e-03  -2.24709138e-01   3.07911611e-03   4.50804969e-03
    3.09374626e-03   3.18732066e-03  -2.97922129e-03  -2.74356897e-03]
 [  3.25144920e-03   3.41797899e-03   3.16231977e-03  -3.33977444e-03
    2.78975046e-03  -3.31422267e-03  -2.14220479e-01  -3.14895343e-03
   -3.02440790e-03  -2.24988967e-01   3.22716753e-03   4.41374397e-03
    3.19550443e-03   3.24797304e-03  -3.06779472e-03  -2.80811382e-03]
 [  3.11493571e-03   3.16052046e-03   3.02277249e-03  -3.19160428e-03
    2.53051170e-03  -3.13769653e-03  -2.14003414e-01  -2.91103753e-03
   -2.76585622e-03  -2.25081995e-01   2.96089868e-03   4.23080800e-03
    3.02460697e-03   3.06826131e-03  -2.89923628e-03  -2.56832410e-03]
 [  3.05746356e-03   3.24844802e-03   2.96261604e-03  -3.16123688e-03
    2.60468549e-03  -3.11034638e-03  -2.13643968e-01  -2.92135449e-03
   -2.83245486e-03  -2.24887535e-01   3.05894460e-03   4.34262305e-03
    3.01735918e-03   3.05974786e-03  -2.93740118e-03  -2.68963212e-03]
 [  3.08573595e-03   3.35927773e-03   2.96085258e-03  -3.23830405e-03
    2.71172333e-03  -3.18442401e-03  -2.14119434e-01  -2.97441636e-03
   -2.96265166e-03  -2.24684954e-01   3.14778090e-03   4.36553126e-03
    3.06991953e-03   3.12756351e-03  -3.04379594e-03  -2.84815929e-03]
 [  3.00955353e-03   3.24549805e-03   2.89163087e-03  -3.13251582e-03
    2.59441510e-03  -3.13060801e-03  -2.14810625e-01  -2.87476252e-03
   -2.90523819e-03  -2.25713223e-01   3.01015959e-03   4.31899028e-03
    2.97164870e-03   3.00630531e-03  -2.91826157e-03  -2.69611599e-03]
 [  3.12474486e-03   3.37084220e-03   2.98797362e-03  -3.26725794e-03
    2.73260474e-03  -3.24709457e-03  -2.15625733e-01  -2.99215713e-03
   -3.02768871e-03  -2.25709558e-01   3.13371629e-03   4.43139533e-03
    3.09074996e-03   3.11580696e-03  -3.00651370e-03  -2.77746608e-03]
 [  3.07557639e-03   3.36376810e-03   2.96969269e-03  -3.20194289e-03
    2.68172845e-03  -3.12447897e-03  -2.14757785e-01  -2.95022270e-03
   -2.90523074e-03  -2.25691497e-01   3.15024541e-03   4.34537092e-03
    3.07565043e-03   3.12410598e-03  -2.99008796e-03  -2.75415997e-03]
 [  2.23970652e+00   2.43448925e+00   2.27698779e+00  -2.33350277e+00
    2.11038351e+00  -2.22684979e+00   1.65345263e+00  -2.33153605e+00
   -2.24375534e+00   1.81786096e+00   2.29815102e+00   1.50130641e+00
    2.49229884e+00   2.46942544e+00  -1.34503292e-02   1.60722390e-01]
 [  2.34918857e+00   2.45864344e+00   2.55072165e+00  -2.55702090e+00
    2.20168614e+00  -2.51944423e+00   1.73417151e+00  -2.40477681e+00
   -2.48105741e+00   1.99491298e+00   2.48983312e+00   1.11968291e+00
    2.41200614e+00   2.41344643e+00   8.65586549e-02   8.71534497e-02]
 [  1.72977889e+00   1.25485551e+00   1.29071116e+00  -1.42701364e+00
    1.85782492e+00  -1.46762478e+00   1.95698988e+00  -1.25714767e+00
   -1.28325224e+00   2.11932397e+00   1.54513204e+00   1.53818607e+00
    1.52015936e+00   1.60492301e+00  -1.55172246e-02   3.00008189e-02]
 [  1.55133343e+00   1.83538902e+00   1.91266012e+00  -1.72315812e+00
    1.55415630e+00  -1.94549704e+00   9.85697567e-01  -1.75470829e+00
   -1.65180421e+00   1.77717340e+00   1.60483861e+00   1.68657517e+00
    1.40366232e+00   1.90058255e+00   6.55651316e-02   1.02316961e-01]
 [  2.53584981e+00   2.55936837e+00   2.56399202e+00  -2.46804714e+00
    2.51765943e+00  -2.47639370e+00   1.98609734e+00  -2.58666134e+00
   -2.40751815e+00   2.03363705e+00   2.49214029e+00   1.74904943e+00
    2.52347398e+00   2.36888957e+00   8.47423747e-02   1.71788111e-02]
 [  2.24888754e+00   2.44200850e+00   2.35947347e+00  -2.15842390e+00
    2.51990366e+00  -2.12308097e+00   1.70487189e+00  -2.06866837e+00
   -2.39778185e+00   2.13616014e+00   2.37614346e+00   1.83328235e+00
    2.52881670e+00   2.19523454e+00  -7.34131634e-01  -8.67429450e-02]
 [  2.35217261e+00   2.19937563e+00   2.11652780e+00  -2.08892822e+00
    2.09457922e+00  -2.20972538e+00   1.83438945e+00  -1.93380094e+00
   -1.91130710e+00   1.88218164e+00   2.34559870e+00   1.65643072e+00
    2.07020783e+00   2.17995501e+00   2.04617068e-01  -1.14468029e-02]
 [  2.50837898e+00   2.71943283e+00   2.71430373e+00  -2.84421897e+00
    2.67592239e+00  -2.74910641e+00   2.77620673e+00  -2.79963493e+00
   -2.58554125e+00   2.13529301e+00   2.59451318e+00   1.77399743e+00
    2.81230307e+00   2.71316767e+00   6.94444031e-02   1.12091094e-01]
 [  2.25086260e+00   2.16854477e+00   2.33477712e+00  -2.15400290e+00
    2.39717054e+00  -1.91676462e+00   2.02131009e+00  -2.38914680e+00
   -2.46420741e+00   1.95518601e+00   2.08280802e+00   1.29257619e+00
    2.06674671e+00   2.20723057e+00   2.86142770e-02   8.45346451e-02]
 [  1.40120792e+00   1.45784628e+00   1.40220129e+00  -1.32030439e+00
    1.68273830e+00  -1.25497746e+00   1.33059657e+00  -1.76303792e+00
   -1.50074899e+00   1.81355608e+00   1.38036275e+00   2.29134297e+00
    1.54751241e+00   1.04352093e+00  -2.11179499e-02   1.68582946e-01]
 [  2.63839698e+00   2.41771626e+00   2.34796953e+00  -2.55815434e+00
    2.70847106e+00  -2.60167217e+00   1.78957188e+00  -2.41955447e+00
   -2.50956225e+00   2.22874165e+00   2.60927272e+00   1.78593504e+00
    2.61683774e+00   2.65004444e+00   2.35611610e-02   7.77658001e-02]
 [  2.53419161e+00   2.54255176e+00   2.47465563e+00  -2.47889233e+00
    2.53574634e+00  -2.53747916e+00   2.01517987e+00  -2.48665309e+00
   -2.65528154e+00   2.80404282e+00   2.59074759e+00   1.82589519e+00
    2.56655645e+00   2.42768550e+00   1.76502496e-01   7.80811580e-03]
 [  2.58307362e+00   2.53691721e+00   2.58059454e+00  -2.64338255e+00
    2.60654593e+00  -2.61945081e+00   1.94606972e+00  -2.57100964e+00
   -2.48202920e+00   2.28980899e+00   2.59856462e+00   2.88373637e+00
    2.62311792e+00   2.65363908e+00   5.93736731e-02   8.27176198e-02]
 [  1.80801749e+00   1.78301573e+00   1.70315862e+00  -1.64392436e+00
    1.17508578e+00  -1.44243395e+00   1.60365736e+00  -1.31102395e+00
   -1.69027281e+00   1.63811600e+00   1.56377685e+00   1.93586731e+00
    1.27301407e+00   1.66751957e+00   2.00548425e-01  -1.30506054e-01]
 [  2.37441039e+00   2.16639590e+00   2.30353951e+00  -2.42638040e+00
    2.08721924e+00  -2.39318109e+00   1.95481527e+00  -2.47364426e+00
   -2.34659171e+00   1.90942407e+00   2.23493695e+00   1.80713391e+00
    2.04060364e+00   2.35807204e+00  -2.52741009e-01  -9.24667537e-01]
 [  1.75705969e+00   1.78217101e+00   1.96284115e+00  -1.87102234e+00
    2.13616085e+00  -2.16080952e+00   1.40581036e+00  -2.24732232e+00
   -2.17989755e+00   1.52340913e+00   1.95606804e+00   1.64360905e+00
    2.11713409e+00   1.96942532e+00   6.11973554e-02   5.73989935e-02]]
Bob
[[ -3.35016591e-03   2.32925732e-03   1.45465601e-03   1.68589642e-03
   -6.28005946e-03   4.53253090e-03   2.93141603e-03  -6.49133977e-03
    2.31744815e-03   2.91212741e-03  -7.78150978e-03  -5.18996129e-03
   -5.69888530e-03  -2.45537702e-03  -4.06104699e-03  -3.45690502e-03]
 [ -3.51189519e-03   1.70244079e-03   1.20946753e-03   1.09132333e-03
   -6.25689188e-03   4.21572244e-03   2.03609699e-03  -6.46295398e-03
    1.44785724e-03   2.46770238e-03  -7.12729525e-03  -4.75504389e-03
   -5.63945435e-03  -1.94165343e-03  -4.07167431e-03  -4.03554598e-03]
 [ -3.27607593e-03   1.55123754e-03   8.33266182e-04   1.17353303e-03
   -6.56673405e-03   4.76964563e-03   1.95256108e-03  -6.43204385e-03
    1.67068036e-03   2.42335582e-03  -6.93529053e-03  -5.37987612e-03
   -5.79065038e-03  -1.93557981e-03  -4.48692217e-03  -3.21946689e-03]
 [ -3.20312683e-03   7.09149381e-03   4.22286848e-03   4.08828678e-03
    5.94958887e-02   3.02019063e-02   6.49066875e-03  -1.24319931e-02
    8.58542044e-03   5.90844918e-03  -3.10390233e-03   4.37399931e-02
   -4.28703567e-03  -3.28832678e-03  -1.51940249e-02   3.98254246e-02]
 [ -3.55312927e-03   1.91708410e-03   1.49308844e-03   1.68089906e-03
   -5.83695387e-03   4.25938051e-03   2.23832461e-03  -6.36831019e-03
    2.41564028e-03   2.77113938e-03  -7.28328992e-03  -4.97258501e-03
   -5.60278445e-03  -2.28876178e-03  -4.21601953e-03  -3.56249022e-03]
 [ -3.79604776e-03   2.30511907e-03   1.31765939e-03   1.83583738e-03
   -6.54963078e-03   4.04703105e-03   1.80273864e-03  -6.42829807e-03
    1.65558420e-03   2.95160129e-03  -7.49513507e-03  -4.99611069e-03
   -5.61607815e-03  -2.43710238e-03  -4.12623398e-03  -3.89538729e-03]
 [ -3.98125919e-03   1.63542270e-03   1.51358522e-03   1.77203084e-03
   -6.13233307e-03   4.38933494e-03   2.42149294e-03  -6.85730763e-03
    1.79117569e-03   3.02800769e-03  -6.90566516e-03  -4.43704240e-03
   -5.78143075e-03  -2.51037301e-03  -4.37834347e-03  -3.18471342e-03]
 [ -3.18787131e-03   1.85284659e-03   1.25474145e-03   1.63174607e-03
   -6.43793633e-03   4.52823658e-03   2.21116631e-03  -6.21916121e-03
    1.93280820e-03   2.73587718e-03  -6.93298737e-03  -5.11189597e-03
   -5.50775649e-03  -2.23401608e-03  -4.24112100e-03  -3.66859068e-03]
 [ -3.84707493e-03   1.93460204e-03   1.36688026e-03   1.31506601e-03
   -6.69533107e-03   3.16074328e-03   1.86924462e-03  -6.31535333e-03
    1.41658983e-03   2.75735441e-03  -7.27458484e-03  -4.58996464e-03
   -5.30151417e-03  -2.22335174e-03  -3.76668246e-03  -3.54375853e-03]
 [  2.66365893e-02  -3.03071290e-02   2.00382853e-03  -8.62683053e-04
   -3.41542158e-03   9.83899808e-04   1.39162000e-02  -1.50658898e-02
    8.03200155e-03   6.65915140e-04   6.74190000e-02  -2.64504272e-03
   -1.14239808e-02  -2.06384854e-03  -1.55660249e-02  -1.16812019e-02]
 [ -3.16838594e-03   2.17328314e-03   1.39341922e-03   1.61724619e-03
   -6.36084378e-03   4.03298251e-03   2.00951588e-03  -6.35992177e-03
    1.98948546e-03   2.81111919e-03  -6.71266625e-03  -4.73670196e-03
   -5.54506620e-03  -2.32824706e-03  -4.16117255e-03  -3.49539239e-03]
 [  2.74064690e-02   3.15902382e-02   7.01097818e-03   2.66814488e-03
    9.70377401e-03  -3.77755053e-02   1.42669911e-02  -1.17906732e-02
    2.28966884e-02   1.41683582e-03   3.83995357e-03  -3.09656811e-04
    7.05665499e-02  -3.35427653e-03   4.49098833e-02  -8.50614626e-03]
 [ -3.39070405e-03   2.30926904e-03   1.65036973e-03   1.61745190e-03
   -6.44221716e-03   4.30479972e-03   2.15025502e-03  -7.01793609e-03
    1.31643796e-03   2.91674235e-03  -7.09080556e-03  -5.11160539e-03
   -5.51508181e-03  -2.48598191e-03  -4.49129799e-03  -3.59494449e-03]
 [  2.78670043e-02   1.56354941e-02  -2.74915015e-04   8.03000852e-03
    9.55103838e-04   2.11361772e-03   9.96704772e-03   6.74797818e-02
    8.56515544e-04   5.89587074e-03  -4.65409365e-03  -7.59487972e-04
   -1.15888352e-02  -3.28621943e-03  -1.44275278e-02  -1.17241945e-02]
 [  2.56432337e-04  -2.00781543e-02   1.08919302e-02   8.92014522e-03
   -3.01205786e-03  -4.03478853e-02  -3.90681401e-02   7.43848097e-04
   -3.68882380e-02   7.72068463e-03  -5.35130908e-04   4.51558977e-02
   -3.46201062e-02  -8.37142766e-03   4.45192643e-02  -9.15106013e-03]
 [ -3.56558547e-03   2.08752532e-03   1.59371656e-03   1.47019443e-03
   -6.47893036e-03   4.00676904e-03   2.18545110e-03  -6.67872513e-03
    1.73389085e-03   2.91403034e-03  -7.13590393e-03  -4.89557860e-03
   -5.83373709e-03  -2.40824767e-03  -4.19671834e-03  -3.68962158e-03]
 [  2.25732946e+00   2.27672505e+00   2.18896818e+00   2.05524611e+00
    2.25136590e+00   1.39437079e-01   2.33516431e+00  -1.90866053e+00
    1.88109410e+00   2.17572474e+00  -2.35530972e+00   2.23574591e+00
   -1.73512733e+00  -1.86114991e+00  -2.63872534e-01  -1.79969466e+00]
 [  2.13708138e+00   1.86004329e+00   2.32260561e+00   2.08235478e+00
    2.17280650e+00  -1.39992699e-01   1.99285674e+00  -2.03102756e+00
    2.06044436e+00   2.14187908e+00  -2.25681901e+00   1.68576920e+00
   -2.01698756e+00  -2.20847273e+00   2.09933817e-01  -2.20494509e+00]
 [  1.71097565e+00   2.04072952e+00   1.89798081e+00   2.04890704e+00
    1.96539497e+00  -2.24217787e-01   2.41947651e+00  -1.96461463e+00
    1.91368330e+00   2.30253243e+00  -2.36000538e+00   2.27756643e+00
   -1.71232808e+00  -1.82774687e+00  -2.46117748e-02  -2.35188556e+00]
 [  2.04308224e+00   2.36863399e+00   2.26382995e+00   2.23234248e+00
    2.41610408e+00  -2.11195052e-02   2.02622795e+00  -1.93876576e+00
    2.29562283e+00   2.10988045e+00  -2.08795905e+00   2.17028904e+00
   -1.94921184e+00  -2.13073444e+00   2.84887493e-01  -2.19160318e+00]
 [  2.00518036e+00   1.83808756e+00   2.06577253e+00   2.19390583e+00
    2.03297544e+00   2.54475802e-01   2.18426251e+00  -2.00235462e+00
    2.14953327e+00   2.18982077e+00  -1.96816015e+00   1.68305457e+00
   -1.45766866e+00  -2.13878918e+00  -5.57592623e-02  -2.02739692e+00]
 [  2.16800570e+00   1.92772806e+00   2.02717876e+00   2.21702576e+00
    1.99389005e+00   2.49652565e-01   2.13669372e+00  -1.63004148e+00
    2.30333853e+00   2.14576697e+00  -2.12233758e+00   2.18827200e+00
   -1.86891544e+00  -2.23164821e+00   1.89480841e-01  -1.97958696e+00]
 [  1.32822299e+00   1.35746562e+00   1.36428833e+00   1.35856557e+00
    1.35815680e+00  -3.55761760e-04   1.36839843e+00  -6.36881351e-01
    1.35593700e+00   1.34659767e+00  -1.38099372e+00   6.03902757e-01
   -7.01992512e-01  -1.35753453e+00  -2.07895804e-02  -1.35316539e+00]
 [  1.97591650e+00   2.35762978e+00   1.92492819e+00   1.76068366e+00
    1.82803547e+00  -1.60760611e-01   2.25725150e+00  -1.84080553e+00
    1.69086611e+00   2.14776039e+00  -2.11427355e+00   1.99317086e+00
   -1.62829280e+00  -1.93019319e+00  -1.65933356e-01  -2.33832335e+00]
 [  2.13199520e+00   2.37065673e+00   2.18026042e+00   1.81794703e+00
    2.27476215e+00  -1.51140079e-01   2.07711649e+00  -1.49227571e+00
    2.36965799e+00   2.24104619e+00  -2.19451690e+00   2.06995821e+00
   -1.53172112e+00  -2.24281693e+00  -5.18906601e-02  -1.87448609e+00]
 [ -8.18022072e-01  -8.42226565e-01  -8.48821580e-01  -8.41493905e-01
   -8.39000881e-01   3.00301565e-03  -8.54886889e-01  -8.10973465e-01
   -8.39588225e-01  -8.34444046e-01   8.64586473e-01   8.86611104e-01
    2.62203723e-01   8.42147648e-01   2.19577756e-02   8.37900460e-01]
 [  2.18835402e+00   2.50138760e+00   2.08294868e+00   2.05821085e+00
    2.10796547e+00   2.00319022e-01   1.81361401e+00  -2.13640523e+00
    2.09445548e+00   2.02702904e+00  -2.18508124e+00   1.59151065e+00
   -1.99850929e+00  -2.15322495e+00  -1.73266046e-02  -2.11077714e+00]
 [  2.31938553e+00   1.94622922e+00   2.32149959e+00   2.19138813e+00
    2.28951526e+00  -1.72621474e-01   2.21935081e+00  -2.10760212e+00
    2.24953675e+00   2.02514982e+00  -1.94068480e+00   1.78267074e+00
   -1.85562229e+00  -2.40667748e+00  -8.22121557e-03  -2.13867879e+00]
 [  1.86434114e+00   2.14798617e+00   2.02878213e+00   2.05691385e+00
    1.93137479e+00  -7.06843883e-02   1.96093929e+00  -1.81073630e+00
    2.32762933e+00   1.81774116e+00  -2.14527917e+00   1.90305853e+00
   -2.09372354e+00  -1.86719882e+00  -2.01436162e-01  -1.87380755e+00]
 [  1.85078526e+00   1.80300033e+00   2.10462308e+00   2.10847926e+00
    2.25066185e+00   1.77184805e-01   1.76922154e+00  -2.06041098e+00
    2.12690711e+00   2.01917171e+00  -2.19209337e+00   1.81385660e+00
   -1.85337710e+00  -2.13575888e+00   1.09418379e-02  -2.10064745e+00]
 [  2.27690768e+00   2.23321843e+00   1.80741417e+00   2.07509303e+00
    2.05859399e+00   2.22750396e-01   1.92748642e+00  -1.94621229e+00
    2.05801678e+00   1.75335181e+00  -1.94226980e+00   1.70755446e+00
   -2.06790519e+00  -1.93492949e+00   2.36443043e-01  -2.03040409e+00]
 [  2.07035708e+00   1.83091986e+00   1.76098359e+00   2.18927383e+00
    2.23209476e+00  -3.08288366e-01   2.30019855e+00  -1.90089059e+00
    1.90591609e+00   1.85114229e+00  -1.96744609e+00   1.58505797e+00
   -1.64197087e+00  -1.78820026e+00  -1.66524231e-01  -2.22460175e+00]]
Eve
[[ 3.13966012  3.19890976  2.88215137  3.44240546 -3.04873371  3.18866038
   3.11887193  3.03211141 -3.24022865  3.16004467 -3.10128927  3.15481186
   3.22601843 -3.35400009 -1.70919704  1.60053277]
 [ 2.8285718   3.21987581  3.08789945  3.09684491 -3.045573    2.93167329
   3.00366879  3.41045427 -2.9427402   2.82029343 -3.05840039  3.30734563
   2.82658029 -3.02961683 -1.73632216  2.05172586]
 [ 2.84701824  2.90826011  3.63081169  3.45937514 -2.98550963  3.53711486
   2.80047297  3.35291195 -3.35946012  3.2214632  -3.48696494  3.29312158
   3.36976123 -3.18480349 -2.03060198  1.78445077]
 [ 3.46489692  3.26168036  3.20591331  3.34643936 -3.18029261  2.89489722
   3.19529843  3.45865989 -3.44376564  3.07619715 -2.99280834  2.84548593
   3.31345868 -3.16715884 -2.07060719  1.91726673]
 [ 3.34890604  3.41444969  3.50467896  3.35889053 -3.26437569  3.45313263
   3.37052751  2.92235851 -3.45303297  3.41580582 -2.98556209  2.80763888
   3.4778266  -3.44986796 -1.74033654  2.0190115 ]
 [ 2.87829924  2.96961427  3.39692497  3.08925176 -3.2993145   2.85798693
   3.22820139  3.51785254 -2.95436931  3.16109228 -2.87060308  3.04919124
   2.84526467 -3.26801038 -1.72995627  1.93950784]
 [ 2.47380972  2.7389791   2.59568405  2.73578405 -2.51796031  2.47897696
   2.31442165  2.58130479 -2.67266464  2.30218244 -2.40984535  2.16507554
   2.39485168 -2.37476969 -0.13663058  0.14674883]
 [ 3.2555542   2.86386466  3.2096355   3.11601281 -2.79813552  2.98159456
   3.02843738  3.37931347 -3.15052462  3.16453147 -3.0137887   3.24673247
   2.88745522 -3.31905985 -1.90492702  1.82405639]
 [ 2.98446298  3.13993931  3.33182311  2.95153499 -3.17582488  3.34235787
   2.91012645  3.18887472 -2.73702574  3.10143495 -3.14362335  3.21940851
   2.93789196 -2.90706491 -1.9756856   2.0585978 ]
 [ 1.86449075  1.57755804  1.72646284  1.58001649 -1.82115757  1.86016786
  -0.76457649  1.74958062 -1.65006518 -0.83880168 -1.93885493  1.94419539
   1.94997096 -1.97202456  0.10935965 -0.11940978]
 [ 3.45910072  2.98026276  3.22430134  3.0016396  -3.36933708  3.24618816
   2.908494    3.27930593 -3.20658541  3.35596776 -3.24265051  3.17887259
   3.52001309 -3.23038626 -2.17182469  1.99706709]
 [ 3.41771722  2.90957737  3.5258913   2.86829543 -3.46523166  2.98811579
   3.04791045  3.08904767 -2.97305274  2.91979408 -3.13597655  3.26215386
   3.05938172 -3.22336388 -1.9339869   2.2154119 ]
 [ 3.19322515  3.40291786  3.42936015  3.49505448 -3.3057549   3.00701618
   3.37021327  3.17635727 -3.35944247  3.53233075 -3.3027668   3.30274367
   3.14370275 -3.05258822 -2.17436862  2.123595  ]
 [ 3.32512665  2.81669807  3.03949094  3.21909547 -2.91147685  2.83837867
   3.25842381  3.49194694 -3.06654072  3.01533175 -3.16728592  2.96151114
   3.51745152 -3.23763371 -2.10211396  1.89646995]
 [ 3.19080591  2.84373832  3.52215719  3.43970013 -2.91704226  2.96377683
   2.81019425  3.11949992 -3.17359138  3.2990849  -3.32814002  3.10129809
   3.24847484 -2.80485892 -2.00157857  2.05963397]
 [ 2.94304013  3.21632266  3.25642586  2.67512918 -3.13284063  3.00663328
   2.62640858  2.7809279  -3.33435607  2.87662506 -3.27809381  2.8578403
   3.24198723 -2.89529634 -1.72046149  1.68037868]
 [ 2.83097243  3.34302402  3.1455791   3.08558965 -3.41526055  3.37818885
   3.26187944  2.8395021  -3.29191184  2.91217685 -3.41852975  2.46421647
   3.49821115 -3.43972254 -1.046749    0.79503232]
 [ 3.43752241  3.2403183   3.28430772  3.38668108 -3.17913342  3.04542661
   3.29538321  2.90957808 -3.07608604  3.4112885  -3.02766585  1.69810963
   3.04946971 -3.1699791   0.42248574 -0.78919423]
 [ 3.13225603  3.20302629  3.56633472  2.87162089 -3.32286835  3.0927496
   3.30318403  2.93012619 -3.37213039  3.31794906 -3.23895812  2.20754242
   2.92923737 -3.4151473  -1.9351393   1.57325017]
 [ 3.38072276  3.24122739  3.50767803  2.81406355 -3.20694184  2.87159562
   2.89373994  3.34983253 -2.81787324  3.03749895 -3.04314566  2.87428617
   2.99454212 -3.25623178 -1.3139714   1.47654092]
 [ 2.96934867  3.43933964  3.05896187  3.54352617 -3.02690291  3.32747459
   3.19914412  3.41698289 -3.01481819  3.48691964 -2.8947432   3.17918658
   3.23864841 -2.91930389  0.79253513 -0.83575249]
 [ 3.19401193  3.33946919  3.14338136  3.20438433 -2.97743392  3.35904384
   3.14243436  3.27445602 -3.12875819  3.46649337 -3.29783177  2.74929404
   3.45462227 -3.39179301 -3.13116884  2.94618154]
 [ 3.30874705  2.98855829  3.10945344  3.42732978 -3.44306254  3.39778352
   2.89107656  3.25689435 -3.37261415  3.29809856 -3.16159296  1.99412608
   2.88648772 -3.47254848  0.7032721  -0.71694016]
 [ 3.56531262  3.05816841  3.25731754  3.54353738 -3.08361197  3.4395318
   3.2140727   3.09868288 -3.23372817  3.21321273 -3.44682384  3.05072498
   3.60442829 -3.3436265  -0.65198183  1.39636552]
 [ 3.23886919  3.44311094  3.47503042  3.15852022 -3.33481479  3.15120029
   3.09654021  3.09877968 -2.82673383  2.96374655 -3.36679006  1.65304136
   3.19825292 -2.93707776  0.74866897 -0.65728343]
 [ 2.88158655  3.11843395  3.16460681  3.08545923 -3.09173131  3.31413269
   3.30446887  2.87104511 -2.80702496  3.06022501 -3.1435113   2.91788912
   3.48289418 -2.99205351 -1.31897652  1.24484539]
 [ 3.0733192   2.82030416  3.40620947  3.15815592 -2.88148355  3.16934729
   2.92819333  3.01307845 -3.43825984  3.17452025 -3.14484048  3.16108084
   3.32684684 -3.43453479 -1.57372618  1.90921164]
 [ 3.36084771  3.50289917  3.36359143  3.00842619 -3.34245729  3.24165416
   3.37079024  3.45868397 -3.48401976  2.94906592 -3.08459187  2.83584189
   2.86033678 -3.53276515  2.38527918 -0.54064965]
 [ 3.5981009   3.28744316  3.67352748  3.27068186 -3.30245519  3.53212261
   3.59542656  3.61125612 -3.16939616  3.474931   -3.11573601  3.40333009
   3.6245625  -3.33404899  0.96542817 -0.91019237]
 [ 3.06438684  3.41586757  2.95450091  3.35502601 -3.40119529  3.12135935
   2.96588612  3.30109882 -2.88828921  3.26949215 -3.09068131  3.02853346
   2.88061714 -2.82462955 -1.91139531  1.44239318]
 [ 3.12162614  3.20745659  3.29397488  2.88032532 -3.00161433  2.90220881
   2.87537694  2.99869275 -3.24176621  3.41818833 -3.34317708  2.24675989
   3.25497556 -3.06736684 -2.78093791  3.18414426]
 [ 3.16856098  3.09893465  2.8331306   3.09662962 -3.06503367  2.74218416
   2.85889482  2.88490772 -3.3040483   2.81123996 -2.80389309  2.62421131
   2.90719557 -3.17941284 -1.85909224  1.3871882 ]]