Alice
[[ -1.46342497e-02   9.96685475e-02  -1.89710408e-02  -3.18220556e-02
    1.79294460e-02  -1.43922102e-02  -4.77977470e-03   5.19495516e-04
    9.33078001e-04   3.27826738e-02  -6.49357401e-03  -4.00300287e-02
    4.88748029e-02  -2.93980688e-02  -3.90262902e-02   1.45296687e-02]
 [ -1.44587327e-02   1.00422181e-01  -3.34935375e-02  -5.76985776e-02
    3.25522237e-02  -3.15815806e-02  -5.04604541e-03  -1.07729174e-02
    2.21813330e-03   4.16653790e-02   2.81820004e-03  -5.40930480e-02
    5.07808067e-02  -3.28522027e-02  -5.24856113e-02   1.64941587e-02]
 [ -1.63850933e-02   1.01258613e-01  -1.63470935e-02  -3.37788910e-02
    1.34564452e-02  -9.95012932e-03  -5.53734461e-03  -1.15511264e-03
    5.65280847e-04   3.68432589e-02  -6.49823761e-03  -3.86736542e-02
    4.87971157e-02  -2.57293992e-02  -3.79092731e-02   1.03164688e-02]
 [  3.27110104e-02   9.58843902e-02  -3.49585004e-02  -4.15201448e-02
    1.85969733e-02   1.66176036e-02   6.96158186e-02   2.55815627e-04
   -4.67613563e-02   4.51925099e-01  -1.58330929e-02  -4.20541465e-02
    3.39086801e-02  -1.98140815e-01  -5.61484806e-02  -9.89053212e-03]
 [ -1.48085151e-02   1.01924725e-01  -2.32740641e-02  -5.67520186e-02
    2.33577881e-02  -2.58809067e-02  -7.37328827e-03  -8.48005805e-03
    1.72682898e-03   4.59305383e-02   3.46230518e-04  -5.37762120e-02
    5.04853763e-02  -2.82453857e-02  -4.59218062e-02   8.62030778e-03]
 [ -1.29502900e-02   9.89140868e-02  -3.26144844e-02  -4.83341962e-02
    2.86109112e-02  -2.70550195e-02  -3.07488092e-03  -7.42120063e-03
    2.06087017e-03   3.83604988e-02  -9.45382752e-04  -5.03079891e-02
    5.06732464e-02  -3.36533375e-02  -5.03097884e-02   2.02195682e-02]
 [ -1.42518263e-02   9.95615944e-02  -2.64267605e-02  -4.27482203e-02
    2.55477000e-02  -2.22519822e-02  -4.51296009e-03  -3.81791382e-03
    9.22833395e-04   3.55077274e-02  -2.20710435e-03  -4.66420278e-02
    4.94330041e-02  -3.20580490e-02  -4.59241867e-02   1.66497212e-02]
 [ -1.64091978e-02   1.02061652e-01  -1.03635127e-02  -4.28637043e-02
    1.28161553e-02  -1.41427722e-02  -9.13303066e-03  -6.87255524e-04
    4.41241282e-04   3.91770117e-02  -4.75331862e-03  -4.44781967e-02
    4.89925742e-02  -2.36854274e-02  -3.51901874e-02   2.74989079e-03]
 [ -1.66295618e-02   1.00768231e-01  -3.16952355e-02  -4.58959676e-02
    2.80295536e-02  -2.15659812e-02  -3.00755748e-03  -8.41239933e-03
    9.63345286e-04   4.01002988e-02   1.04662811e-03  -4.51806150e-02
    4.97192442e-02  -3.16482633e-02  -5.04444689e-02   1.78987049e-02]
 [ -1.30230160e-02   9.96593758e-02  -3.65259722e-02  -3.30213830e-02
    2.58532297e-02  -2.04377100e-02   7.00077042e-04  -4.73358901e-03
    2.15752586e-03   3.25411111e-02  -5.25178714e-03  -4.29358222e-02
    5.05574308e-02  -3.66161726e-02  -5.03715649e-02   2.99573466e-02]
 [ -1.46981589e-02   1.03898965e-01  -8.64349864e-03  -1.05855756e-01
    2.60474756e-02  -4.96232659e-02  -2.17491984e-02  -1.85480956e-02
    3.43147037e-03   4.76385355e-02   7.85297528e-03  -7.78210610e-02
    5.38010746e-02  -1.92276873e-02  -3.70566435e-02  -1.81791484e-02]
 [ -1.96014680e-02   1.00332879e-01  -2.82969885e-02  -3.47872041e-02
    2.51077414e-02  -1.37844300e-02  -2.77381716e-03  -5.54337632e-03
    1.27782335e-03   3.61108147e-02  -5.05259122e-05  -3.63619551e-02
    4.74063046e-02  -2.94776503e-02  -4.62894030e-02   1.71508230e-02]
 [ -1.26992194e-02   1.00719005e-01  -1.18198330e-02  -4.28511053e-02
    1.09010441e-02  -1.65857654e-02  -7.99932517e-03  -7.84752425e-04
    1.11915939e-03   3.94904353e-02  -7.73971947e-03  -4.73952852e-02
    5.03138416e-02  -2.54262276e-02  -3.51467840e-02   6.46670163e-03]
 [ -1.54211270e-02   1.00555353e-01  -1.06115956e-02  -4.25005071e-02
    1.55816702e-02  -1.58843771e-02  -9.44298971e-03  -2.69291631e-04
    1.79723749e-04   3.70156094e-02  -4.84486157e-03  -4.43689451e-02
    4.86171842e-02  -2.48603821e-02  -3.51282507e-02   3.28167714e-03]
 [ -1.49451233e-02   9.88637879e-02  -2.51047388e-02  -5.23644723e-02
    2.82142628e-02  -2.70696972e-02  -6.00772491e-03  -6.66300301e-03
    1.59163936e-03   4.14520875e-02   2.09256564e-03  -5.06996512e-02
    4.90023531e-02  -3.02009583e-02  -4.65537831e-02   1.11642601e-02]
 [ -1.44190723e-02   9.96836200e-02  -1.44746900e-02  -4.61894870e-02
    1.81655250e-02  -2.07656827e-02  -8.23811535e-03  -2.39775912e-03
    1.02006481e-03   3.77365574e-02  -3.54605354e-03  -4.76374961e-02
    4.90420088e-02  -2.54962798e-02  -3.78796607e-02   6.11999212e-03]
 [ -1.15508577e-02   8.53980035e-02  -4.60394716e-04   1.53312655e-02
    7.31822895e-03   3.24332714e-03  -8.49522464e-03   1.91466995e-02
   -3.31267412e-03  -1.38528291e-02  -2.41701789e-02  -1.30634115e-04
    4.55045663e-02  -1.82519797e-02  -1.22768721e-02   1.65517256e-02]
 [ -1.15873059e-02   8.53630304e-02  -4.72687825e-04   1.53335715e-02
    7.37060700e-03   3.24715907e-03  -8.58750753e-03   1.91519409e-02
   -3.34779080e-03  -1.39368633e-02  -2.41440907e-02  -1.52331646e-04
    4.55350168e-02  -1.82707533e-02  -1.22581134e-02   1.64881889e-02]
 [ -1.15857515e-02   8.50330144e-02  -4.37386741e-04   1.52892331e-02
    7.34449644e-03   3.21974722e-03  -8.55103508e-03   1.90550033e-02
   -3.17999511e-03  -1.38347475e-02  -2.40859538e-02  -2.35996573e-04
    4.53406796e-02  -1.81952845e-02  -1.22098271e-02   1.64839290e-02]
 [ -1.16011584e-02   8.57229456e-02  -5.15102467e-04   1.53258201e-02
    7.39265233e-03   3.20408423e-03  -8.58616550e-03   1.92187503e-02
   -3.32876667e-03  -1.39029454e-02  -2.42666062e-02  -6.37797348e-05
    4.57145236e-02  -1.83356106e-02  -1.23554710e-02   1.66398827e-02]
 [ -1.15916850e-02   8.52122456e-02  -4.49834653e-04   1.53250452e-02
    7.36840628e-03   3.23233916e-03  -8.53938423e-03   1.90922841e-02
   -3.27419071e-03  -1.38500454e-02  -2.41417792e-02  -2.26686432e-04
    4.53223623e-02  -1.82350334e-02  -1.22227399e-02   1.64820421e-02]
 [ -1.15418881e-02   8.54098871e-02  -4.61675663e-04   1.53649831e-02
    7.40074599e-03   3.24393925e-03  -8.56311340e-03   1.91614982e-02
   -3.22140614e-03  -1.38152698e-02  -2.41936874e-02  -1.91577681e-04
    4.54989895e-02  -1.83169059e-02  -1.22856768e-02   1.65461227e-02]
 [ -1.16376616e-02   8.59275833e-02  -5.05720149e-04   1.54232411e-02
    7.40249129e-03   3.26388981e-03  -8.58238712e-03   1.92888137e-02
   -3.27850599e-03  -1.39109790e-02  -2.43519116e-02  -1.48888037e-04
    4.58336733e-02  -1.84162110e-02  -1.23916315e-02   1.66474674e-02]
 [ -1.16124433e-02   8.55824426e-02  -5.05339529e-04   1.54228760e-02
    7.37758912e-03   3.21390270e-03  -8.52932688e-03   1.91501621e-02
   -3.27616860e-03  -1.38646401e-02  -2.41542421e-02  -1.02549595e-04
    4.56523411e-02  -1.82747748e-02  -1.23142600e-02   1.66126695e-02]
 [ -1.16847744e-02   8.61890092e-02  -4.67727630e-04   1.54542541e-02
    7.43495114e-03   3.26321693e-03  -8.61231051e-03   1.92906782e-02
   -3.38800484e-03  -1.39952889e-02  -2.43940260e-02  -9.83479767e-05
    4.59416285e-02  -1.84552837e-02  -1.24012837e-02   1.67724993e-02]
 [ -1.16712488e-02   8.61358568e-02  -4.99661313e-04   1.54151917e-02
    7.40248337e-03   3.29514244e-03  -8.58348142e-03   1.92820486e-02
   -3.38738435e-03  -1.40067907e-02  -2.43878923e-02  -8.37084008e-05
    4.58724760e-02  -1.84538942e-02  -1.24275610e-02   1.66934673e-02]
 [ -1.15814516e-02   8.53444338e-02  -4.72900487e-04   1.53206810e-02
    7.33480975e-03   3.26225627e-03  -8.53111688e-03   1.91722196e-02
   -3.32355732e-03  -1.39096323e-02  -2.41199639e-02  -8.36078179e-05
    4.55105975e-02  -1.82819515e-02  -1.22501655e-02   1.65612493e-02]
 [ -1.14952102e-02   8.52053612e-02  -5.38744032e-04   1.53295407e-02
    7.38051441e-03   3.24546383e-03  -8.50933138e-03   1.90930367e-02
   -3.33230407e-03  -1.38511471e-02  -2.40978263e-02  -7.55787478e-05
    4.54535000e-02  -1.82386208e-02  -1.22552253e-02   1.64919719e-02]
 [ -1.15578752e-02   8.54278803e-02  -5.14551299e-04   1.53846834e-02
    7.36631546e-03   3.22065526e-03  -8.58465303e-03   1.92337390e-02
   -3.31492932e-03  -1.38297128e-02  -2.41968315e-02  -9.02974280e-05
    4.55370434e-02  -1.82527360e-02  -1.22427391e-02   1.65189262e-02]
 [ -1.14922365e-02   8.45121071e-02  -4.74832632e-04   1.52254552e-02
    7.30580511e-03   3.21263447e-03  -8.47483706e-03   1.89490262e-02
   -3.19322525e-03  -1.38050877e-02  -2.38318164e-02  -1.81075360e-04
    4.50262874e-02  -1.80965625e-02  -1.20919766e-02   1.63600538e-02]
 [ -1.16348732e-02   8.59679654e-02  -4.53343324e-04   1.54069550e-02
    7.41400430e-03   3.27068404e-03  -8.58246256e-03   1.92661006e-02
   -3.30814137e-03  -1.39784589e-02  -2.43405234e-02  -1.18542608e-04
    4.58501615e-02  -1.83866881e-02  -1.23133529e-02   1.66685879e-02]
 [ -1.15547804e-02   8.49189460e-02  -4.53836634e-04   1.52891269e-02
    7.33920466e-03   3.20483744e-03  -8.51298496e-03   1.91278197e-02
   -3.27167520e-03  -1.38152363e-02  -2.40412354e-02  -2.12523053e-04
    4.52721342e-02  -1.81798935e-02  -1.22216949e-02   1.64677668e-02]
 [  9.91525315e-03   4.10889313e-02  -2.58043021e-01  -1.54895354e-02
    2.70213544e-01   1.48310140e-01  -1.38906375e-01   1.95345461e-01
   -3.49980444e-02  -9.80985165e-02   1.01766013e-01  -7.34232888e-02
    7.17044249e-03  -3.96092683e-01  -2.46251792e-01   3.19899857e-01]
 [  2.46180028e-01  -8.45679998e-01   3.53173688e-02  -2.87878364e-01
   -1.43121719e-01   1.37065947e-01  -6.67856112e-02   3.13263774e-01
   -4.48967099e-01  -1.73768345e-02  -4.07468796e-01  -3.98964047e-01
    1.12747632e-01  -5.04680574e-01  -7.26546884e-01  -4.90520187e-02]
 [ -5.12557179e-02   5.88213392e-02  -5.33512048e-02   9.32413489e-02
   -2.32030764e-01   3.92623276e-01   8.69169161e-02   3.89025301e-01
   -3.94068629e-01  -1.55451089e-01  -1.58453986e-01   2.33225286e-01
    2.26044953e-01   1.25471637e-01  -1.99327357e-02   1.14927351e-01]
 [  8.60462114e-02  -4.43532914e-02   1.46015748e-01   5.08065224e-02
    4.03317958e-02   4.71178405e-02   2.32996456e-02   1.85468331e-01
   -3.06061298e-01  -1.47863135e-01  -4.81753767e-01  -7.13338405e-02
    1.81469515e-01  -1.41958714e-01  -4.05225977e-02  -2.37680271e-01]
 [  4.19314712e-01   1.05760479e-02  -5.80376498e-02  -3.73483114e-02
    5.67926615e-02   3.08971796e-02   9.59790647e-02  -6.48836838e-03
   -7.10382983e-02  -3.06251943e-01  -5.55611908e-01   9.85454470e-02
    6.49360195e-02  -6.48559749e-01  -8.75169396e-01   4.49541539e-01]
 [ -8.96401517e-03   1.15069121e-01   2.31914923e-01  -1.71402290e-01
   -3.15286443e-02   1.19339280e-01  -9.29914489e-02  -3.96914445e-02
    9.12116021e-02  -9.07152221e-02  -1.94253176e-01   1.21350273e-01
    2.85130411e-01  -1.60382316e-01   1.62579566e-01  -5.35894372e-02]
 [  4.17735055e-02   2.43395753e-02   6.38876408e-02   1.17229320e-01
   -7.14148045e-01   7.90087283e-02  -9.33754817e-02   5.01388423e-02
    3.80928665e-02   8.68384838e-02  -4.38453853e-01   1.08205363e-01
    8.70729312e-02  -4.31950212e-01  -3.99687231e-01   4.79224809e-02]
 [  4.94408160e-02   3.98174487e-02   1.49384206e-02   1.17119811e-01
   -1.20961659e-01   2.19728202e-01   1.37663841e-01   2.00322390e-01
   -1.79667287e-02  -1.87131464e-02  -3.08814883e-01   4.66607004e-01
    1.94829941e-01  -9.66195539e-02  -1.18597679e-01   2.24268585e-01]
 [ -1.20318331e-01  -2.24092286e-02   5.71942739e-02   2.27069780e-01
    2.23795980e-01   6.37397766e-02   7.02317059e-02   3.22269678e-01
   -8.50875676e-02   1.68779969e-01  -3.74480069e-01   1.53124005e-01
    9.65848118e-02   5.41448034e-02  -6.01271510e-01   3.50890487e-01]
 [ -9.66517776e-02  -8.98988694e-02  -2.00746041e-02   5.10536730e-02
   -2.39432722e-01   2.74113208e-01  -1.93394169e-01   2.24341024e-02
    7.88162649e-02  -1.00143731e-01  -1.62729397e-01  -5.72480336e-02
   -2.02432796e-02   6.34640977e-02   2.26493436e-03   1.97602019e-01]
 [  1.02481581e-01   7.17504323e-02   4.41585318e-04   1.20431118e-01
    1.36395898e-02   2.16635168e-01   1.16000399e-01   1.97939709e-01
   -2.60362506e-01  -9.34075415e-01  -3.59953612e-01   7.04660639e-02
   -4.19578999e-02  -6.13270402e-01  -3.63035917e-01   8.45864713e-02]
 [  9.38704386e-02  -1.15679361e-01   5.71187317e-01   2.81748511e-02
   -2.01050024e-02   1.16561681e-01  -1.20321207e-01  -7.84124620e-03
   -7.93945789e-02  -2.33897403e-01  -3.33892614e-01   7.51725286e-02
    1.77588418e-01  -1.60470322e-01  -1.23002969e-01   7.04933479e-02]
 [  1.69010758e-01   1.90895889e-02   2.95172818e-02   7.21671656e-02
   -1.66117564e-01  -1.62227750e-01  -1.71637721e-03   1.31147653e-01
    4.98693436e-01  -2.24131584e-01  -1.86376482e-01  -1.01246811e-01
    2.51356550e-02  -2.97315985e-01   7.71264210e-02   4.26222503e-01]
 [ -1.13797143e-01   2.39164121e-02   7.60102496e-02   3.55981022e-01
    6.98823184e-02   2.92020917e-01   1.74021292e-02   1.31561801e-01
   -2.90188044e-01  -2.49925684e-02  -4.95341480e-01   1.07711749e-02
    7.63682127e-01  -4.48401332e-01  -4.74252194e-01   4.03997183e-01]
 [  6.49124831e-02   9.76112336e-02  -9.59308818e-02   6.69373095e-01
   -7.40350038e-02   2.26988733e-01   5.19844284e-03   6.10360652e-02
   -2.36551479e-01  -1.52568370e-01  -5.15149832e-01  -1.52700935e-02
    4.26465183e-01  -5.58213413e-01  -5.81331670e-01   1.00247972e-01]
 [ -1.30430207e-01  -7.11767655e-03   1.23113818e-01   8.14007074e-02
    1.95106361e-02   6.45333469e-01   2.15161610e-02   1.35611698e-01
   -7.29302540e-02  -5.90800531e-02  -1.30230978e-01   2.01010883e-01
    9.01724547e-02  -9.49426517e-02   1.22482903e-01   1.94661409e-01]]
Bob
[[ -2.54315119e-02  -5.96031127e-03  -5.16540110e-02  -3.64350006e-02
   -1.33782038e-02   2.56878063e-02   1.90910622e-02   2.52965093e-02
   -1.77428629e-02  -3.97348311e-03  -4.79500704e-02   1.54830292e-02
   -1.99642614e-03   9.91644412e-02   9.26625058e-02   2.28318125e-02]
 [ -1.91112272e-02  -1.09629855e-02  -6.69067800e-02  -4.05115709e-02
    4.81607532e-03   3.17280106e-02   3.26909833e-02   3.81139852e-02
   -2.09238604e-02  -3.80524551e-03  -4.89879027e-02   2.60368679e-02
   -7.49939866e-03   1.03003755e-01   9.30503085e-02   3.58042680e-02]
 [ -2.46751215e-02  -1.11099957e-02  -4.84470911e-02  -4.07583006e-02
   -2.26385985e-02   1.87366847e-02   1.86438225e-02   2.20717769e-02
   -1.60632767e-02  -5.29300654e-03  -4.83537503e-02   1.04383351e-02
   -1.69743970e-03   9.72195938e-02   9.33341831e-02   2.13969406e-02]
 [ -1.20639928e-01   2.92766616e-02  -9.27110091e-02  -1.14611544e-01
   -3.02935876e-02   5.79826012e-02   6.74489215e-02   8.77096802e-02
   -9.06258970e-02   3.26663889e-02   5.17548978e-01   6.29504547e-02
    3.40923527e-03   8.56964588e-02   4.53802608e-02   3.93755622e-02]
 [ -2.32111141e-02  -1.80735271e-02  -6.24771230e-02  -4.11440581e-02
   -1.21902935e-02   2.19840743e-02   2.82350518e-02   3.54371294e-02
   -1.80897191e-02  -4.97575663e-03  -4.95038629e-02   1.73936188e-02
   -5.33679547e-03   1.01304017e-01   9.43467468e-02   3.32556739e-02]
 [ -2.17585769e-02  -7.74872210e-03  -6.25439137e-02  -3.82197127e-02
    6.24343986e-03   3.52149270e-02   2.87325364e-02   3.48053016e-02
   -2.16206051e-02  -2.86827679e-03  -4.89252694e-02   2.61922423e-02
   -5.13784867e-03   1.02659874e-01   9.22273025e-02   3.12515125e-02]
 [ -2.25707460e-02  -7.98174366e-03  -5.93430139e-02  -3.74896526e-02
   -1.73966365e-03   3.05922385e-02   2.57318318e-02   3.20993550e-02
   -1.98979918e-02  -3.54226027e-03  -4.83635925e-02   2.12331284e-02
   -4.91542788e-03   1.01059191e-01   9.17290524e-02   2.79712416e-02]
 [ -2.68211327e-02  -1.71459746e-02  -5.28087504e-02  -3.86301056e-02
   -2.93219667e-02   1.28019601e-02   1.98588967e-02   2.69569401e-02
   -1.49977887e-02  -5.98201295e-03  -4.85216118e-02   6.74563227e-03
   -2.39970675e-03   9.61352438e-02   9.43557620e-02   2.49873679e-02]
 [ -1.82030126e-02  -8.63712281e-03  -5.87180741e-02  -4.37324531e-02
   -1.87973108e-03   2.95909792e-02   3.00377961e-02   3.00881825e-02
   -1.73551366e-02  -4.75884462e-03  -4.89203893e-02   2.22919490e-02
   -6.38904562e-03   1.01719789e-01   9.28134918e-02   2.88362447e-02]
 [ -2.25004125e-02  -3.73873016e-04  -5.53982183e-02  -3.74011174e-02
    1.20134614e-02   4.31842431e-02   2.55039278e-02   2.88156979e-02
   -2.27603838e-02  -9.77317337e-04  -4.83545177e-02   2.92571392e-02
   -2.69819424e-03   1.03802972e-01   9.20896903e-02   2.55075395e-02]
 [ -2.96468064e-02  -3.17434482e-02  -8.41568708e-02  -3.28239426e-02
   -2.52107568e-02   3.45790852e-03   3.34687121e-02   5.66217192e-02
   -2.65163444e-02  -6.78084372e-03  -5.15667461e-02   9.31197871e-03
   -1.01250578e-02   9.77453217e-02   1.13925204e-01   5.46423383e-02]
 [ -1.57419629e-02  -5.23285987e-03  -5.13271950e-02  -4.56245430e-02
   -1.02520231e-02   2.56716255e-02   2.67300755e-02   2.24214941e-02
   -1.37072932e-02  -5.89251611e-03  -4.82058153e-02   1.80920642e-02
   -5.37780533e-03   9.92245898e-02   9.13847089e-02   2.38177646e-02]
 [ -3.07345353e-02  -1.65428054e-02  -5.32240309e-02  -3.47483382e-02
   -2.31192205e-02   1.81723051e-02   1.78366341e-02   2.93298382e-02
   -1.84400044e-02  -4.04474093e-03  -4.84344997e-02   1.01945950e-02
   -3.70380352e-04   9.69290212e-02   9.47201103e-02   2.56967302e-02]
 [ -2.61280779e-02  -1.43010113e-02  -5.43563105e-02  -3.68882343e-02
   -2.61099506e-02   1.44162616e-02   1.94194689e-02   2.85180602e-02
   -1.63182821e-02  -5.75005868e-03  -4.79984172e-02   8.49721394e-03
   -3.18015879e-03   9.67360660e-02   9.39390659e-02   2.56089717e-02]
 [ -2.12933235e-02  -1.17934896e-02  -6.36222884e-02  -3.92187089e-02
   -6.72733365e-03   2.55414620e-02   2.91120652e-02   3.51357497e-02
   -1.70751568e-02  -5.27837593e-03  -4.84570153e-02   1.99653096e-02
   -6.60532806e-03   1.00833304e-01   9.24751759e-02   3.26229818e-02]
 [ -2.62463689e-02  -1.29384752e-02  -5.77394664e-02  -3.56871262e-02
   -1.95994265e-02   1.81391574e-02   2.12935731e-02   3.05110123e-02
   -1.76088475e-02  -5.26566198e-03  -4.84209470e-02   1.22280447e-02
   -4.05098638e-03   9.78044122e-02   9.44557860e-02   2.88860872e-02]
 [ -1.63247660e-02   3.65380161e-02  -2.42565013e-02  -1.65845435e-02
   -2.78545395e-02   1.09624611e-02   5.34756482e-03   5.19042485e-04
   -9.69815440e-03  -1.96655397e-03  -4.57190424e-02   7.99292326e-03
   -1.32687087e-03   8.00014883e-02   8.95452350e-02   6.93633268e-03]
 [ -1.63381808e-02   3.66827510e-02  -2.44506411e-02  -1.66390669e-02
   -2.79428586e-02   1.09974127e-02   5.35624009e-03   5.13249834e-04
   -9.71634220e-03  -1.97205716e-03  -4.58753668e-02   8.03248864e-03
   -1.36767165e-03   8.01261514e-02   8.98730084e-02   6.97565824e-03]
 [ -1.63886584e-02   3.67802754e-02  -2.44909413e-02  -1.65893529e-02
   -2.79578567e-02   1.09479306e-02   5.44320047e-03   5.74494421e-04
   -9.75676347e-03  -1.98903703e-03  -4.58293743e-02   8.03462975e-03
   -1.33197184e-03   8.01732913e-02   9.00212601e-02   6.94393786e-03]
 [ -1.63490027e-02   3.67923304e-02  -2.44911220e-02  -1.66660529e-02
   -2.80190185e-02   1.09069841e-02   5.57755167e-03   6.17828278e-04
   -9.71632823e-03  -1.99934072e-03  -4.59384397e-02   7.98871275e-03
   -1.35222916e-03   8.02701116e-02   9.00492966e-02   6.97221328e-03]
 [ -1.61586236e-02   3.64092030e-02  -2.41635386e-02  -1.65076125e-02
   -2.77662631e-02   1.08681805e-02   5.51417796e-03   6.21846062e-04
   -9.59201902e-03  -1.94622844e-03  -4.55460735e-02   7.97954854e-03
   -1.28384482e-03   7.96366930e-02   8.91989693e-02   6.92838058e-03]
 [ -1.62947997e-02   3.65281217e-02  -2.43361741e-02  -1.65828913e-02
   -2.78638955e-02   1.09310113e-02   5.40096359e-03   6.02740562e-04
   -9.67420544e-03  -1.95398321e-03  -4.56504226e-02   7.97172729e-03
   -1.34072616e-03   7.99912438e-02   8.95696282e-02   6.93761557e-03]
 [ -1.63307991e-02   3.66197191e-02  -2.44210549e-02  -1.66165419e-02
   -2.78440211e-02   1.10149374e-02   5.39896544e-03   5.39083732e-04
   -9.74706840e-03  -1.93854957e-03  -4.57001626e-02   8.02633073e-03
   -1.38222496e-03   7.99931213e-02   8.97628292e-02   6.87598158e-03]
 [ -1.62487105e-02   3.65147553e-02  -2.43051779e-02  -1.66077893e-02
   -2.78645921e-02   1.09044220e-02   5.40032052e-03   5.79829735e-04
   -9.59651452e-03  -1.99183240e-03  -4.58140969e-02   7.98186287e-03
   -1.32466631e-03   7.98787475e-02   8.95569623e-02   6.90286094e-03]
 [ -1.63261220e-02   3.66151370e-02  -2.43832562e-02  -1.65761262e-02
   -2.79300306e-02   1.09815663e-02   5.43015497e-03   6.08900504e-04
   -9.69763938e-03  -1.98447844e-03  -4.58768643e-02   7.97503069e-03
   -1.33117195e-03   8.00885335e-02   8.97299647e-02   6.92710327e-03]
 [ -1.64435133e-02   3.66767496e-02  -2.44267937e-02  -1.65755842e-02
   -2.79183164e-02   1.10083241e-02   5.41804358e-03   6.35407108e-04
   -9.87089705e-03  -1.94462040e-03  -4.57173623e-02   7.95547385e-03
   -1.36217638e-03   8.00620317e-02   8.98227617e-02   6.91723963e-03]
 [ -1.64008867e-02   3.61999646e-02  -2.41481587e-02  -1.65175088e-02
   -2.76539028e-02   1.10740382e-02   5.20865247e-03   5.94036188e-04
   -9.72356834e-03  -1.93865749e-03  -4.56400178e-02   7.91584142e-03
   -1.33699935e-03   7.94427320e-02   8.91158432e-02   6.87325420e-03]
 [ -1.64490566e-02   3.66306938e-02  -2.43153200e-02  -1.65356826e-02
   -2.77225059e-02   1.10628428e-02   5.17525524e-03   4.43769473e-04
   -9.88216326e-03  -1.90688681e-03  -4.54493426e-02   8.06432404e-03
   -1.31506554e-03   7.97637403e-02   8.94661844e-02   6.90643676e-03]
 [ -1.63571555e-02   3.64697725e-02  -2.43499056e-02  -1.65711120e-02
   -2.78219879e-02   1.10413795e-02   5.36225736e-03   5.52848447e-04
   -9.67855193e-03  -1.97947398e-03  -4.59438637e-02   8.00081063e-03
   -1.29004603e-03   7.99729079e-02   8.96525905e-02   6.88151503e-03]
 [ -1.64339580e-02   3.63284610e-02  -2.42775697e-02  -1.65703502e-02
   -2.77329963e-02   1.11005111e-02   5.19850431e-03   5.73850702e-04
   -9.73814353e-03  -1.98032148e-03  -4.58270535e-02   7.96419568e-03
   -1.27109163e-03   7.97296390e-02   8.94066021e-02   6.88960077e-03]
 [ -1.62862968e-02   3.61621417e-02  -2.41654031e-02  -1.65055096e-02
   -2.77021211e-02   1.10156713e-02   5.17824572e-03   5.27481083e-04
   -9.66036040e-03  -2.00248812e-03  -4.57128771e-02   7.88811129e-03
   -1.27518713e-03   7.96053931e-02   8.91188234e-02   6.88447058e-03]
 [ -1.63544454e-02   3.68087217e-02  -2.45396420e-02  -1.66443288e-02
   -2.79676523e-02   1.09251635e-02   5.51146688e-03   6.26731373e-04
   -9.79419611e-03  -1.98537484e-03  -4.58306037e-02   8.01679399e-03
   -1.36089826e-03   8.04247260e-02   9.01325494e-02   6.93693431e-03]
 [ -1.96653023e-01  -7.45387450e-02  -1.44449115e-01  -1.65156513e-01
   -8.50996673e-02   1.87643766e-01  -1.13454737e-01   1.10718198e-01
   -2.26590365e-01   9.81917605e-02  -4.04025406e-01   2.06419080e-01
   -1.83425978e-01  -1.84362173e-01  -2.27074295e-01   3.21929634e-01]
 [  1.04005896e-02   8.78591061e-01  -1.92759305e-01  -4.95705515e-01
   -9.51675951e-01  -5.55578619e-02   4.07260191e-03  -4.50798497e-03
    6.64987322e-03  -2.26836037e-02  -1.77597851e-01  -2.00762060e-02
   -5.26650727e-01  -1.89917788e-01  -2.50748396e-02   4.83166128e-01]
 [ -9.30043608e-02   7.95962438e-02   9.29653049e-02  -2.72728391e-02
   -1.97859839e-01  -1.20217115e-01  -7.48333633e-02   5.05694114e-02
   -9.88852009e-02  -1.17962651e-01   2.17404440e-01  -6.53074205e-01
   -1.09462515e-02  -9.55144837e-02   3.00636202e-01  -1.79587722e-01]
 [ -2.95313168e-02   3.86903733e-02   1.52364239e-01   4.55622422e-03
    2.79127806e-02   1.33216023e-01  -4.41538133e-02  -1.82001684e-02
   -5.16149998e-02   3.78806852e-02   1.79964647e-01   8.11098143e-02
    6.57730550e-02  -4.74268794e-02   3.01933438e-01  -6.48273900e-03]
 [ -1.25673905e-01   1.22820986e-02   8.31284374e-02  -1.08900778e-01
   -2.84552425e-01  -1.96492568e-01  -3.53354394e-01   4.72001992e-02
    1.86461881e-01   3.21165055e-01  -1.74710467e-01   1.57746986e-01
   -2.32066517e-03  -3.12885702e-01   5.13985381e-02  -1.23172924e-02]
 [  1.86768100e-01  -1.26545936e-01  -2.11283229e-02  -1.35852303e-03
   -1.68549672e-01  -2.30015162e-02  -3.73037755e-02  -3.42017800e-01
   -8.65969434e-02  -3.98300476e-02  -1.61454111e-01  -2.07594603e-01
    1.63511038e-01  -1.36988193e-01   3.11465532e-01  -5.31889498e-01]
 [  3.62926890e-04  -4.62649576e-03  -1.74796835e-01  -3.30487996e-01
   -2.48549268e-01   5.62564470e-02  -5.87987676e-02   1.04804993e-01
    2.73132145e-01   1.13020139e-02  -4.26765472e-01  -4.45082672e-02
   -3.48954558e-01  -4.57737386e-01   1.23281116e-02   1.94730669e-01]
 [  1.55940816e-01  -8.19903389e-02  -4.59045768e-01  -3.68967712e-01
   -1.12671822e-01  -2.11600170e-01   1.56229049e-01   2.69825403e-02
   -1.27913579e-01   6.54745549e-02  -1.17202319e-01  -2.72284262e-03
   -1.94555759e-01  -3.06075007e-01  -3.26359048e-02   1.98636740e-01]
 [  6.91976324e-02  -2.78839320e-02  -4.82510589e-02  -3.92730981e-02
   -4.38869238e-01   1.88386261e-01   1.11186050e-03  -3.21278423e-01
   -1.03992581e-01  -9.30757299e-02  -1.05167620e-01   9.89742801e-02
    1.67454138e-01   5.13482094e-02   2.24479996e-02   1.12058800e-02]
 [  1.51789188e-01   5.92917614e-02   1.05487131e-01   1.21914834e-01
    1.05256952e-01  -1.79080870e-02   4.13673446e-02   2.79431045e-02
   -1.15300670e-01  -1.91524383e-02   5.73531568e-01  -3.01730707e-02
   -6.19654022e-02  -2.06641003e-01   1.19752541e-01   1.41970944e-02]
 [  5.22017598e-01   8.71772319e-03  -2.83059776e-01  -2.69450061e-03
   -6.45322502e-01  -1.47996182e-02   9.80297774e-02  -1.73760597e-02
    2.58718789e-01  -2.67157145e-02   8.83254260e-02   3.55377272e-02
   -2.96404153e-01  -4.41849113e-01   4.66225147e-02   6.60221949e-02]
 [  6.96785748e-02  -4.37124493e-03   1.29419684e-01  -1.86331257e-01
   -3.03459883e-01   1.04187667e-01   5.29639833e-02  -5.61527371e-01
    4.49308455e-02  -9.53735188e-02   4.29149307e-02   5.14709167e-02
   -1.26586752e-02  -1.84836715e-01  -3.25900801e-02   1.99266281e-02]
 [  3.27731133e-01  -7.70871714e-02  -2.22428814e-01  -3.11665237e-01
   -5.53776383e-01  -4.38427404e-02  -6.47611469e-02   1.97606515e-02
   -7.75136147e-03   1.93503857e-01  -2.19354987e-01   6.20105397e-03
   -6.27278805e-01  -5.55225790e-01  -7.92987421e-02   4.13560212e-01]
 [  5.72463609e-02  -6.81455135e-02  -1.08263098e-01  -8.44176710e-02
   -3.11879486e-01  -2.87518483e-02  -3.67023855e-01  -3.31985980e-01
    5.85779965e-01  -1.52106255e-01   2.46953398e-01  -1.01480357e-01
   -6.47230819e-02  -3.72747511e-01  -6.69801887e-03   4.16082665e-02]
 [ -1.44652605e-01  -5.48262931e-02   4.01207916e-02   3.67289871e-01
   -2.47397542e-01  -4.05509561e-01  -1.53474491e-02   1.44256458e-01
    1.03790394e-03  -7.68260285e-02  -4.40109335e-03  -2.58031785e-01
   -1.08071491e-01  -3.47898066e-01   4.76050861e-02   8.97069052e-02]
 [  2.96309907e-02  -1.03831083e-01  -1.14260234e-01   3.51349241e-04
   -5.95620155e-01  -3.10254753e-01   1.02296211e-01   2.49629561e-02
    7.62178600e-02  -1.28249764e-01  -2.00648576e-01  -7.71986172e-02
   -5.29061407e-02  -2.81909287e-01  -3.39409947e-01   2.96721756e-01]]
Eve
[[ -1.32748798e-01   5.40292710e-02   2.76301801e-02  -2.35307906e-02
   -4.97098593e-03  -4.84139323e-02  -7.88433850e-03  -2.26625782e-02
   -4.70781513e-02   3.42688039e-02  -2.29135025e-02   7.04498030e-03
    1.09042607e-01  -7.98453689e-02   8.29503164e-02   3.79425623e-02]
 [ -1.77328318e-01   1.69059597e-02   3.22563238e-02  -6.24781661e-02
   -1.63656957e-02  -6.03352748e-02  -4.88993851e-03  -3.79663222e-02
   -7.01770410e-02   8.14881772e-02  -1.62285604e-02   1.39864869e-02
    1.53578252e-01  -1.13889888e-01   1.08862452e-01   5.11846170e-02]
 [ -1.35467306e-01   7.59183168e-02   3.49771157e-02  -2.32165139e-02
   -9.63121094e-03  -5.89197241e-02  -7.77545990e-03  -1.52255446e-02
   -5.03872037e-02   2.69179512e-02  -2.05410887e-02   5.23954909e-03
    1.12919852e-01  -8.72464702e-02   1.00908786e-01   4.26609740e-02]
 [ -6.71035171e-01  -3.21420223e-01   2.83517223e-02   1.57616481e-01
   -1.43561557e-01  -1.94314107e-01  -5.97834028e-02  -2.26053610e-01
   -2.33056858e-01  -1.32268751e+00  -3.67851444e-02  -1.20308083e-02
    6.00111008e-01  -6.31908774e-01   4.30303395e-01   2.08194956e-01]
 [ -1.69894516e-01   6.43014759e-02   3.26968543e-02  -5.61172962e-02
   -1.94238629e-02  -6.67646974e-02  -3.20633664e-03  -3.36664654e-02
   -6.92026168e-02   6.12515956e-02  -1.41226416e-02   9.02768690e-03
    1.55294105e-01  -1.15238711e-01   1.21724091e-01   5.63316718e-02]
 [ -1.63501993e-01   1.64502207e-02   3.04361470e-02  -4.91551533e-02
   -1.15327071e-02  -5.32336421e-02  -8.24512448e-03  -3.50477993e-02
   -6.17884547e-02   6.75550476e-02  -1.84382778e-02   1.31502207e-02
    1.40869394e-01  -9.80331823e-02   9.23470184e-02   4.67653982e-02]
 [ -1.53452709e-01   3.25329080e-02   2.86508612e-02  -3.86039913e-02
   -1.01218913e-02  -5.29134050e-02  -6.77860435e-03  -3.26325893e-02
   -5.78113906e-02   5.94892129e-02  -2.12967973e-02   1.20066209e-02
    1.26906410e-01  -9.42050144e-02   9.17757452e-02   4.24544401e-02]
 [ -1.43425077e-01   1.01086535e-01   3.09359096e-02  -3.59550975e-02
   -1.52085274e-02  -6.20004348e-02  -1.62741728e-03  -2.58926451e-02
   -5.46906069e-02   3.35608870e-02  -1.72112081e-02   4.35330672e-03
    1.28465280e-01  -9.53782648e-02   1.12014428e-01   4.86825779e-02]
 [ -1.61921591e-01   2.17143875e-02   3.78541164e-02  -4.27523814e-02
   -1.69800725e-02  -6.11581504e-02  -9.79263894e-03  -2.39975732e-02
   -6.24612607e-02   6.07610084e-02  -2.24084854e-02   1.29799293e-02
    1.32141516e-01  -1.08034849e-01   1.06228165e-01   4.44987267e-02]
 [ -1.49245590e-01  -1.44325208e-03   3.20862681e-02  -2.92073824e-02
   -5.71391080e-03  -4.44525145e-02  -1.42596569e-02  -2.21123695e-02
   -4.97660935e-02   5.12841493e-02  -2.63625588e-02   1.32365972e-02
    1.16163820e-01  -7.95144513e-02   6.97725862e-02   3.97942178e-02]
 [ -2.41255984e-01   1.13022037e-01   1.96740590e-02  -1.43921077e-01
   -2.05128379e-02  -8.95225182e-02   2.67117880e-02  -7.34157562e-02
   -1.02508627e-01   1.23970494e-01   4.26007947e-03   7.67124118e-03
    2.50808984e-01  -1.53484434e-01   1.75922617e-01   1.00981377e-01]
 [ -1.45688921e-01   2.65040137e-02   4.01686653e-02  -2.54729837e-02
   -1.48689542e-02  -5.82435653e-02  -1.09867882e-02  -1.03578614e-02
   -5.17057627e-02   4.58239689e-02  -2.61086561e-02   1.10650547e-02
    1.07163712e-01  -1.02406852e-01   1.01886973e-01   3.56865898e-02]
 [ -1.43151000e-01   9.72885340e-02   2.65267119e-02  -3.72151881e-02
   -1.04087656e-02  -5.77918403e-02  -2.75842845e-03  -2.85567604e-02
   -5.47699258e-02   3.15595232e-02  -1.44088073e-02   4.15150588e-03
    1.35743454e-01  -8.67339969e-02   1.01897866e-01   5.30158356e-02]
 [ -1.41809180e-01   8.91579390e-02   2.63696387e-02  -3.70576195e-02
   -1.03974212e-02  -5.88154495e-02  -9.08590737e-04  -2.98885442e-02
   -5.49433753e-02   3.84735465e-02  -1.58558283e-02   5.89998998e-03
    1.24872528e-01  -9.43530351e-02   1.07447177e-01   4.64772247e-02]
 [ -1.63057342e-01   4.08954993e-02   2.89866477e-02  -5.23710735e-02
   -1.65341981e-02  -5.92934117e-02  -4.88282414e-03  -3.72288190e-02
   -6.38076216e-02   6.48691356e-02  -1.75199248e-02   1.09362742e-02
    1.41490698e-01  -1.11089587e-01   1.09089926e-01   4.77259383e-02]
 [ -1.47073925e-01   7.58971572e-02   2.56922748e-02  -4.56830971e-02
   -1.08460700e-02  -5.57257496e-02  -2.10191216e-03  -3.33664976e-02
   -5.73973209e-02   4.60198112e-02  -1.49446242e-02   4.96281963e-03
    1.33228734e-01  -9.37284082e-02   1.04261525e-01   5.05314581e-02]
 [ -4.72210020e-01   5.12144983e-01  -2.29690999e-01   5.07574916e-01
    1.80152401e-01  -7.46681452e-01   9.37340185e-02  -7.66661525e-01
   -7.04033732e-01   8.78525913e-01   4.12811428e-01   1.96388409e-01
    8.72664809e-01  -6.16009533e-01   7.13025510e-01   4.60293442e-01]
 [ -1.13996232e+00  -1.78256094e+00  -3.64594348e-03   2.35181555e-01
   -4.44383314e-03  -6.71637893e-01  -1.36610474e-02  -4.34677690e-01
   -6.72280669e-01   5.39824784e-01  -1.08333610e-01  -4.23723087e-02
    5.84231377e-01  -1.00134408e+00   9.84708905e-01   4.19297904e-01]
 [ -3.24269682e-01   2.76296765e-01   3.19570005e-01  -2.73548849e-02
   -6.47886172e-02   3.54330838e-01   8.30277205e-02   3.71569917e-02
    2.00925708e-01  -4.03988481e-01   7.62365609e-02   5.14389016e-02
   -1.65469155e-01  -3.26857865e-02   1.01913676e-01  -2.21863151e-01]
 [  2.52518892e-01  -4.80513684e-02  -7.83774257e-02  -2.82361388e-01
   -3.19961086e-02   4.19906825e-01  -1.76914677e-01   5.22890806e-01
    2.53435135e-01  -5.71529627e-01  -7.16911927e-02   4.40823212e-02
   -6.57730341e-01   5.83830416e-01  -6.31716132e-01  -2.65759677e-01]
 [ -5.65485001e-01   7.64516294e-01   1.05372675e-01   2.17272222e-01
    3.06047142e-01  -1.98671296e-01   2.62465477e-01  -7.30757594e-01
   -3.95345867e-01   6.40316188e-01   3.19890141e-01   2.69439667e-02
    1.27892137e+00  -2.86720634e-01   4.28063214e-01   4.47149307e-01]
 [ -2.12414429e-01   1.37841851e-01   2.86812544e-01   9.60503072e-02
    1.69951528e-01   3.45102608e-01   1.58129036e-01   2.43502799e-02
    1.57223836e-01  -3.12157005e-01  -4.41455692e-01  -2.34789327e-02
   -5.47573805e-01  -1.28963515e-01   3.53535384e-01  -3.47546458e-01]
 [ -1.10835123e+00   5.03273904e-01   1.31450802e-01   5.01719356e-01
    2.63850540e-01  -4.85928625e-01   1.95039093e-01  -9.84229803e-01
   -9.82371330e-01   8.95317852e-01   5.65150440e-01  -1.35849610e-01
    1.70392692e+00  -8.04176271e-01   1.05511856e+00   7.13615298e-01]
 [ -1.19239950e+00  -1.32055178e-01  -7.02500939e-02   6.07245862e-01
    8.40077996e-02  -7.28376269e-01   7.88449124e-02  -1.35950661e+00
   -6.42721474e-01   1.15529585e+00   6.43328547e-01   6.22123592e-02
    1.10113490e+00  -1.02842712e+00   9.32537436e-01   6.49287343e-01]
 [ -7.19634295e-01   7.09370524e-02  -1.61905028e-02   2.07830355e-01
   -8.69075116e-03   6.50253221e-02   2.19167441e-01  -3.81405205e-01
   -6.98033690e-01   6.88659400e-02   1.62020028e-01  -8.45844150e-02
    5.99364877e-01  -5.50742686e-01   5.79451561e-01   5.95918834e-01]
 [  2.98921049e-01  -6.78611770e-02   3.68899256e-02  -4.48705517e-02
   -5.53480536e-02   1.19809560e-01   2.18676664e-02   1.18290521e-01
    4.78992332e-03  -6.32028759e-01  -1.12107262e-01   6.13447325e-03
   -2.50313550e-01   4.21534181e-01  -2.39146993e-01  -1.32018030e-01]
 [ -1.02319789e+00  -1.46382060e-02   1.80644710e-02   4.82509196e-01
    1.88735425e-02  -4.23805237e-01   2.27020755e-01  -8.40612829e-01
   -3.16081405e-01   7.57071435e-01   3.75648230e-01   5.34070330e-03
    1.36784816e+00  -1.13939071e+00   8.74595046e-01   5.81771553e-01]
 [  3.09089851e-02   5.96378148e-01   2.28507165e-02   1.13663152e-01
    2.85118283e-03   1.27462178e-01  -1.24666721e-01  -2.79919356e-02
    1.54141307e-01  -3.21777642e-01   6.53292332e-03  -3.18501264e-01
    3.51344764e-01   1.18178844e-01  -2.59022355e-01  -1.70068908e-03]
 [ -1.10818660e+00   9.02727097e-02   1.33027544e-03   4.55309749e-01
    1.20361410e-01  -5.28080463e-01   1.27843589e-01  -6.27427459e-01
   -6.44147336e-01   6.76162601e-01   5.12951374e-01  -1.26420828e-02
    1.24978065e+00  -9.35578346e-01   9.99293208e-01   5.82773805e-01]
 [ -6.39998555e-01   4.33478534e-01  -7.03682378e-02   1.92412034e-01
    3.75774771e-01  -3.46235126e-01   1.03644982e-01  -2.96942830e-01
   -3.77155483e-01  -4.66404527e-01   2.50552505e-01  -2.95548458e-02
    9.72073495e-01  -8.77554834e-01   4.87672448e-01   5.12861967e-01]
 [ -3.26929063e-01   9.09556568e-01   1.13402598e-01   1.15269534e-01
   -1.30990252e-01   5.53731807e-02   4.81677568e-03   3.98786217e-02
    9.24604386e-02  -2.31571406e-01  -5.58247492e-02  -2.50626624e-01
    6.24167085e-01  -5.57400249e-02   1.23308815e-01   2.01209843e-01]
 [ -1.17326856e+00   3.81494164e-01   1.24528497e-01   8.30004632e-01
    1.18396610e-01  -4.33514535e-01   2.58100659e-01  -4.04156089e-01
   -6.07832313e-01   1.21133935e+00   3.18721265e-01  -3.36242914e-02
    1.33028889e+00  -8.06912363e-01   6.36887252e-01   4.79930580e-01]
 [ -5.31376123e-01  -7.40270019e-01   1.99614555e-01  -2.52453297e-01
    9.83372182e-02  -5.82460940e-01   1.68328911e-01  -4.20961380e-01
   -4.19564933e-01   4.48636055e-01  -6.69321418e-01  -7.96747655e-02
    9.28912032e-03  -1.06541789e+00   9.97456431e-01   4.93735403e-01]
 [ -7.11749852e-01  -8.00495565e-01  -5.40341139e-02   7.81543776e-02
   -5.64245507e-02  -4.98928994e-01   4.23635505e-02  -6.97635710e-01
   -8.62185121e-01   5.89394927e-01  -1.74189955e-01  -1.06139719e-01
    6.17570519e-01  -9.42276776e-01   1.51321495e+00   4.55046952e-01]
 [ -1.44705281e-01  -4.82744575e-01  -6.38490096e-02  -2.24014834e-01
   -5.13345264e-02  -3.11625272e-01  -9.77783129e-02  -3.14227402e-01
   -1.46733537e-01   6.33540154e-02  -1.76723331e-01   8.65884274e-02
    2.98930854e-01  -3.17380130e-01   4.99537468e-01   1.27602547e-01]
 [ -2.35141009e-01  -4.32759136e-01  -1.47905678e-01  -4.12388772e-01
    1.54877812e-01  -1.54731929e-01  -6.51233643e-02  -2.72038430e-01
   -1.89670265e-01  -1.18174888e-01  -8.61193333e-03   2.23004948e-02
    1.68722663e-02  -2.82755911e-01   4.22403455e-01  -1.17965765e-01]
 [ -1.13397932e+00  -1.04119551e+00  -2.34747171e-01   9.59147140e-02
   -8.59751776e-02  -2.19297498e-01  -1.11467496e-01  -8.01474690e-01
   -5.09387136e-01   1.21523225e+00   5.74841723e-03   1.31999820e-01
    4.35369253e-01  -1.30860221e+00   1.17059171e+00   4.14870054e-01]
 [  1.54137313e-01  -6.25131905e-01  -2.54882127e-01  -3.61872703e-01
   -2.94881880e-01  -8.54441747e-02  -2.87658066e-01  -4.20807898e-01
   -1.01237312e-01   3.54965806e-01  -4.88836952e-02   4.56106775e-02
   -2.00876549e-01  -4.72042561e-01   1.97526500e-01   3.72992516e-01]
 [ -3.67937267e-01  -3.28945398e-01  -1.47311509e-01  -4.06066142e-02
   -1.15933508e-01  -1.64116681e-01  -1.03652691e-02  -1.30705118e-01
   -1.01044916e-01  -8.59375810e-04  -2.00557962e-01   1.03504239e-02
    2.73945510e-01  -3.99097443e-01   6.71013653e-01   3.34741563e-01]
 [ -3.40100788e-02  -1.38505707e-02   2.93991864e-02  -9.46706682e-02
    3.95785943e-02  -9.06757563e-02   8.68776143e-02  -3.08589280e-01
   -1.32406995e-01  -1.63570583e-01   1.57218464e-02   2.09320188e-01
    1.44302130e-01  -2.33586863e-01   2.35926226e-01   1.75635517e-01]
 [ -3.06607246e-01  -4.97689158e-01  -2.75297761e-01   6.71810508e-02
   -3.54549289e-01  -2.76743561e-01  -1.39269382e-01  -5.34236431e-01
   -9.01128128e-02   4.31011580e-02  -1.60854161e-01  -1.20392712e-02
    2.07099728e-02  -5.17358005e-01   8.37526560e-01   1.26438379e-01]
 [ -2.08017468e-01  -7.50209272e-01  -4.61530387e-01   3.82210873e-02
   -6.26970649e-01   1.91745400e-01   2.87335534e-02  -4.55589741e-01
   -1.95064738e-01  -7.30402470e-02  -5.66065013e-01   5.29091954e-02
   -7.64791220e-02  -4.24951792e-01   5.00056624e-01   5.30638099e-01]
 [ -1.06574130e+00  -6.77093565e-01  -1.64174978e-02   2.67790943e-01
   -9.33073610e-02  -4.94334698e-01  -1.35784680e-02  -6.32914245e-01
   -5.82345963e-01   1.42419505e+00  -1.44152462e-01  -1.71978697e-02
    4.45328057e-01  -1.39092672e+00   1.13333845e+00   5.40133536e-01]
 [ -1.96892947e-01  -4.68670577e-01  -3.93486410e-01  -1.84144944e-01
    4.90650302e-03  -2.22943276e-01  -7.26498961e-02  -7.93472454e-02
   -1.45872936e-01   2.45240301e-01   9.02160071e-03   1.21026218e-01
   -3.25117670e-02  -6.30145609e-01   7.54591405e-01   2.20964566e-01]
 [ -1.57738194e-01  -2.31860772e-01  -2.41636664e-01  -2.51071393e-01
   -5.61918840e-02   1.14957795e-01   1.49311423e-01  -2.84868926e-01
   -6.59583747e-01   2.89665252e-01  -6.41684383e-02  -6.61175922e-02
   -4.46391165e-01  -3.18043679e-01   2.80975372e-01   1.72091648e-02]
 [ -1.02662408e+00   1.09037233e-03  -1.29045933e-01   9.56123292e-01
   -1.29018724e-01  -2.65102357e-01  -9.45837051e-02  -1.74403459e-01
   -4.41422641e-01  -1.24203026e-01  -6.56632185e-02  -3.96184549e-02
    1.63893044e+00  -1.18054128e+00   1.09554255e+00   4.78052408e-01]
 [ -1.01084697e+00  -4.16082889e-01   1.21803880e-01   1.26168132e+00
    1.49260610e-01  -6.63140237e-01   6.31110668e-02  -2.99197614e-01
   -4.57314342e-01   2.15961173e-01   1.78743511e-01   5.79759069e-02
    1.15791440e+00  -1.01958585e+00   1.16365027e+00   6.98572576e-01]
 [  1.01389132e-01  -1.82105809e-01  -8.67784694e-02   2.05784112e-01
    1.65683508e-01  -8.41362894e-01   1.48368597e-01  -3.35942537e-01
    3.06963213e-02   1.35516569e-01   1.04498364e-01   1.36392862e-01
   -1.24536820e-01  -1.14522487e-01  -6.11446239e-02   1.56838551e-01]]