Alice
[[  1.36350155e-01  -1.35687411e-01   5.53424776e-01   5.03867567e-02
    4.98331822e-02  -1.42288759e-01   6.48486912e-02  -4.63973433e-01]
 [ -7.79347345e-02  -5.07848896e-02   1.07838976e-04   1.65456697e-01
    3.43596488e-02  -6.90895244e-02  -4.84066606e-02  -4.17884797e-01]
 [ -1.70961007e-01  -7.73442462e-02   1.28293755e-02   1.43977582e-01
    4.83650379e-02  -3.44869159e-02  -1.92724131e-02  -4.74736691e-01]
 [ -2.21331015e-01  -9.49881226e-02   1.43790403e-02   1.05458513e-01
    6.08057417e-02  -3.46771851e-02   3.35468189e-03  -4.77168918e-01]
 [ -5.76906018e-02  -1.44363912e-02   5.90342022e-02   1.15571760e-01
   -5.65313399e-02   8.65363404e-02  -9.01426226e-02  -3.67339015e-01]
 [ -8.35144520e-02  -5.76294102e-02   2.52032216e-04   2.03029737e-01
    3.23713683e-02  -4.16351259e-02  -4.14082371e-02  -4.53099579e-01]
 [ -7.77393281e-02  -4.98244584e-01  -3.24157216e-02   7.09667504e-02
    4.06153277e-02  -8.06503519e-02  -2.91733854e-02  -5.11989653e-01]
 [ -9.37961861e-02  -5.66396192e-02   2.80108745e-03   1.66606471e-01
    3.45792063e-02  -4.76621725e-02  -3.88445966e-02  -4.23824966e-01]
 [ -3.57381627e-02   1.09820226e-02   1.84615757e-02  -2.10012048e-02
    7.49157229e-03  -4.06502597e-02  -3.94235291e-02  -6.49376884e-02]
 [ -3.66757773e-02   1.12698581e-02   1.89575963e-02  -2.15544105e-02
    7.65558332e-03  -4.17414419e-02  -4.04423550e-02  -6.65128380e-02]
 [ -3.29153202e-02   1.01347137e-02   1.70490574e-02  -1.93472560e-02
    6.86079916e-03  -3.74683291e-02  -3.63261141e-02  -5.97171448e-02]
 [ -3.53527777e-02   1.08710052e-02   1.82819199e-02  -2.08239239e-02
    7.41808396e-03  -4.02399190e-02  -3.90175618e-02  -6.43059537e-02]
 [ -4.14278097e-02   1.26930159e-02   2.13948879e-02  -2.43846290e-02
    8.66122916e-03  -4.71420512e-02  -4.56556752e-02  -7.52540901e-02]
 [ -3.24302018e-02   9.96489730e-03   1.67695563e-02  -1.90590434e-02
    6.76001236e-03  -3.69213484e-02  -3.57902348e-02  -5.88584244e-02]
 [ -4.01396193e-02   1.23554049e-02   2.07422487e-02  -2.36315411e-02
    8.39095470e-03  -4.56746705e-02  -4.43124473e-02  -7.29198530e-02]
 [ -2.92267073e-02   9.00487043e-03   1.51050724e-02  -1.71537846e-02
    6.13390002e-03  -3.32381837e-02  -3.22432294e-02  -5.29214554e-02]
 [ -2.66842902e-01   1.14184171e-01   1.38510197e-01   8.75981629e-01
   -2.62702465e-01  -4.75497156e-01  -7.24818587e-01  -6.28954530e-01]
 [ -8.25548589e-01   2.13668033e-01   3.87247391e-02  -1.40157817e-02
   -6.48709908e-02  -1.33818597e-01  -1.73900023e-01  -7.46016353e-02]
 [  1.52654575e-05  -4.21326491e-04  -1.37591371e-04  -2.95172977e-05
   -3.48904200e-06   1.92413972e-06  -1.37737134e-05  -1.26452923e+00]
 [ -4.67570394e-01  -1.00668514e+00   5.06387539e-02   2.77379960e-01
   -4.71889041e-02  -5.16112447e-01  -1.11258939e-01  -3.14483166e-01]
 [  1.80831049e-02  -1.00053865e-02  -1.04169799e-02   7.24894166e-01
   -1.00922906e+00  -6.95996061e-02   3.85678411e-02  -5.43044329e-01]
 [ -7.00815856e-01   2.41575837e-01   3.19304317e-01   3.77144605e-01
   -6.95428252e-02  -3.52549255e-01  -3.78492355e-01  -2.56792784e-01]
 [ -2.66641974e-01  -2.24147346e-02   2.34197170e-01   3.84318858e-01
    9.96807814e-02  -7.63118327e-01  -1.04532473e-01  -1.21588457e+00]
 [  8.32445585e-05  -8.90222844e-04  -3.42124549e-04  -2.12009589e-04
    4.56616617e-05   2.43968843e-05   1.18942713e-04  -4.49707687e-01]]
Bob
[[ -9.07505900e-02   5.46567738e-01  -2.49397099e-01   3.09499842e-03
    2.37625232e-03   1.09334756e-02  -6.12503663e-02  -4.23212916e-01]
 [ -8.31152126e-02   8.83051977e-02  -2.51043290e-01   1.40394187e-02
    3.42949788e-04   7.59383664e-02  -1.08091347e-01  -4.05742228e-01]
 [ -1.14588000e-01   9.35668424e-02  -2.79230803e-01   1.31828943e-02
    5.75085683e-03   2.16021553e-01  -5.13266362e-02  -4.80927289e-01]
 [ -1.26400158e-01   8.99583772e-02  -2.87314355e-01   1.38452081e-02
    1.98374856e-02   2.87059546e-01  -3.93610597e-02  -5.01964688e-01]
 [  6.35533556e-02   8.15341845e-02  -2.22978696e-01   2.10495200e-02
   -7.10458636e-01   1.73652172e-02   2.23665759e-01  -4.30423200e-01]
 [ -9.12081003e-02   1.05733894e-01  -2.60318518e-01   1.35401199e-02
    1.83168310e-03   9.89288613e-02  -7.82570839e-02  -4.40073371e-01]
 [ -9.19722617e-02   8.00722018e-02  -3.49599093e-01   5.42323053e-01
    1.56542398e-02   6.78272098e-02  -5.51806986e-02  -5.66155016e-01]
 [ -8.56370032e-02   9.39549208e-02  -2.42193714e-01   1.37784183e-02
    1.36252958e-03   1.06270358e-01  -7.23996013e-02  -4.06023055e-01]
 [ -3.41704078e-02  -2.95588635e-02  -8.66689086e-02  -2.81490339e-03
   -4.12760638e-02   1.94233228e-02  -8.68500620e-02  -1.00148410e-01]
 [ -3.42533141e-02  -2.95594241e-02  -8.67786780e-02  -2.79580383e-03
   -4.11665440e-02   1.94891989e-02  -8.69711339e-02  -1.00298941e-01]
 [ -3.46251577e-02  -2.99039558e-02  -8.80959257e-02  -2.88861012e-03
   -4.23019603e-02   1.97481532e-02  -8.81110132e-02  -1.01963997e-01]
 [ -3.49761955e-02  -3.02499067e-02  -8.88175964e-02  -2.89603393e-03
   -4.24350128e-02   1.98932812e-02  -8.89346674e-02  -1.02705717e-01]
 [ -3.44923362e-02  -2.98083294e-02  -8.73969793e-02  -2.84968480e-03
   -4.15014774e-02   1.96299832e-02  -8.76276195e-02  -1.01018302e-01]
 [ -3.46217826e-02  -2.99708936e-02  -8.80553201e-02  -2.85346946e-03
   -4.22380380e-02   1.96904093e-02  -8.80929306e-02  -1.01842239e-01]
 [ -3.48804146e-02  -3.01580317e-02  -8.87622312e-02  -2.87913275e-03
   -4.25790511e-02   1.98296811e-02  -8.88002589e-02  -1.02653585e-01]
 [ -3.40038463e-02  -2.93973833e-02  -8.61476138e-02  -2.76596728e-03
   -4.09401655e-02   1.93211623e-02  -8.63763019e-02  -9.95822623e-02]
 [ -2.51539767e-01  -9.52238142e-01  -3.85386348e-01  -2.53533304e-01
   -1.03140071e-01   4.83602792e-01  -4.53987122e-01   3.68904710e-01]
 [ -1.12192869e-01   4.44421209e-02  -1.55998379e-01   9.72846448e-01
   -9.10714418e-02   6.10078394e-01  -6.81242526e-01   2.99014211e-01]
 [ -1.18423030e-01   1.23217630e+00  -2.53007680e-01  -2.35836282e-01
   -1.18366539e-01   4.14847553e-01  -2.54912645e-01   2.48385251e-01]
 [ -6.71675578e-02  -3.90581399e-01  -3.86480361e-01  -1.58515140e-01
   -5.22074625e-02   3.79182994e-01  -5.37370816e-02   1.05627261e-01]
 [ -3.37876737e-01  -5.90228885e-02  -4.08767164e-02  -4.31374848e-01
    6.02665067e-01   5.64987600e-01  -2.03753516e-01   4.35326427e-01]
 [  1.84031185e-02   1.40249282e-01  -5.77893674e-01   1.06630415e-01
    2.07116351e-01   4.54003483e-01  -5.21380544e-01   6.13653600e-01]
 [ -7.38502383e-01  -5.13739347e-01  -5.21420360e-01   2.22154945e-01
   -4.26090993e-02   7.13481307e-02  -1.43224582e-01  -4.93407041e-01]
 [  4.45990408e-05   2.55415885e-04  -1.84471235e-01   6.22421911e-04
    4.84224220e-05  -1.92364241e-05  -1.96358251e-05   7.64088254e-05]]
Eve
[[  2.92578787e-01   3.68032575e-01   1.92709494e+00   5.20641208e-01
   -1.62293941e-01   5.20367801e-01  -3.56008834e-03  -1.35034883e+00]
 [  3.40620518e-01   1.60680696e-01  -2.56395787e-01   2.76939750e-01
    9.63813514e-02   3.82677317e-01   2.88297445e-01  -1.40775478e+00]
 [  8.01690340e-01   2.57127643e-01  -3.82622421e-01   3.59211206e-01
    6.23987764e-02   3.42130780e-01   4.02974397e-01  -1.46027398e+00]
 [  1.03343892e+00   2.73494393e-01  -4.27559346e-01   4.15611118e-01
    1.02078736e-01   3.29743415e-01   3.97968888e-01  -1.35482776e+00]
 [  2.07502767e-02  -1.30626485e-01   1.41797677e-01  -4.66486663e-01
   -1.21498644e+00  -3.39341164e-01  -1.72840476e-01  -7.90299118e-01]
 [  4.27817047e-01   2.17527896e-01  -3.07687342e-01   3.03196609e-01
    5.96587509e-02   3.91844988e-01   3.71610761e-01  -1.58137453e+00]
 [  6.07534349e-01  -1.23918438e+00  -4.76598054e-01   4.43325222e-01
   -9.95812491e-02   5.50902605e-01   4.46299821e-01  -1.76607013e+00]
 [  4.44598377e-01   1.89451009e-01  -2.85767287e-01   2.84259468e-01
    6.22788966e-02   3.57143253e-01   3.30724388e-01  -1.41561902e+00]
 [  6.40408099e-01  -1.18937120e-01  -1.10719430e+00   1.39256775e-01
    2.00245500e-01   1.78143114e-01   3.34239602e-01  -1.48005486e+00]
 [  4.55311835e-01  -1.31560004e+00   6.87674701e-01  -4.31617439e-01
    9.22714826e-03   1.08212262e-01  -1.92115411e-01  -1.77758306e-01]
 [  6.27403140e-01  -1.47600293e-01   1.57442033e+00   2.27237895e-01
    1.43159837e-01   6.89085960e-01   3.87754977e-01  -9.44264829e-01]
 [  4.16121721e-01  -4.88003165e-01   2.95492589e-01  -1.69415998e+00
   -7.67536312e-02  -6.02139473e-01  -3.08868527e-01   9.29729939e-02]
 [  6.40147388e-01   3.00546229e-01   3.34303290e-01  -1.87042169e-02
    7.70278394e-01   2.75553793e-01  -8.57864469e-02  -3.72743495e-02]
 [  9.14971590e-01  -1.20380586e-02   6.35754108e-01   2.04382986e-01
    9.38514154e-03   1.05958605e+00   7.15956986e-01  -1.06667387e+00]
 [  7.96303093e-01   1.73650458e-01  -8.05804551e-01  -1.10054113e-01
    8.99259374e-02   7.49767005e-01   1.16245830e+00  -1.40066016e+00]
 [ -1.34130448e-01   4.60322499e-02  -1.09906577e-01  -2.41128042e-01
    4.11230046e-03  -1.10720731e-01  -8.44629034e-02   2.30701625e-01]
 [  1.19144869e+00  -5.43258131e-01   1.98413320e-02  -1.26810098e+00
   -8.99777785e-02   1.58265662e+00   6.50866389e-01  -1.69471943e+00]
 [  3.11290920e-01  -6.20171875e-02   1.22014368e+00  -2.30694741e-01
    1.64353505e-01  -5.08037746e-01   6.21140189e-02  -2.91346848e-01]
 [  5.71252108e-01  -2.45825380e-01   2.99810153e-02   2.74210024e+00
   -8.28236416e-02   5.53816617e-01   3.50725800e-01  -3.59304571e+00]
 [  4.85607028e-01  -1.55381012e+00  -1.92319125e-01   1.10633135e-01
    1.43733919e-01   1.04384768e+00   2.27015391e-01  -8.47602308e-01]
 [  3.59595895e-01   1.51806131e-01  -2.84254700e-01  -4.17630821e-01
   -1.63018346e+00   5.97015977e-01   5.54787159e-01  -2.32457876e+00]
 [  4.12809908e-01   6.44657612e-02   2.33875453e-01  -5.81862509e-01
   -3.11502159e-01   4.32145804e-01   3.56805235e-01  -9.23132718e-01]
 [  3.09390903e-01   3.54538970e-02  -5.07391214e-01   6.05363697e-02
   -5.60123026e-01   1.58732653e+00   6.56088233e-01  -2.79870462e+00]
 [  2.22618461e-01  -7.81907290e-02   9.15150996e-03   8.39079857e-01
   -4.28594314e-02   2.70505935e-01   1.86281040e-01  -6.27975166e-01]]