Alice
[[ -1.10320626e-02   2.02639140e-02   2.32487787e-02   3.36704180e-02
    3.02217379e-02   2.27413997e-02  -1.91695821e-02   2.32970100e-02]
 [ -1.10897478e-02   2.03928314e-02   2.32125446e-02   3.40246670e-02
    3.04587837e-02   2.27757134e-02  -1.96319055e-02   2.34390628e-02]
 [ -1.13806855e-02   2.09195241e-02   2.32580099e-02   3.41019481e-02
    3.06198616e-02   2.28301045e-02  -1.97190922e-02   2.38464046e-02]
 [ -7.10192993e-02  -8.20314959e-02   5.09867556e-02   5.82057610e-03
    4.69761826e-02  -9.27055702e-02  -6.98047364e-03  -1.24930851e-01]
 [ -1.14945360e-02   2.12349705e-02   2.43041608e-02   3.41995955e-02
    3.12202293e-02   2.31600516e-02  -1.98537968e-02   2.40697321e-02]
 [ -3.26931588e-02   5.62699288e-02   6.63231388e-02   2.81994399e-02
   -1.52821675e-01  -9.24275815e-02   5.28403232e-03   7.36320065e-03]
 [ -3.25545780e-02   6.13339655e-02  -1.04464591e-01   2.91851666e-02
    4.25631478e-02  -9.25012231e-02   9.92311537e-02   1.46531025e-02]
 [ -1.10599687e-02   2.09699217e-02   2.37517394e-02   3.38818356e-02
    3.07382345e-02   2.28886232e-02  -2.01139189e-02   2.34226380e-02]
 [ -1.26745844e+00   1.32072270e+00   1.33366275e+00   2.00536251e+00
    1.33203065e+00  -1.17608261e+00   2.71324301e-04   8.26600492e-01]
 [ -2.16752291e+00   2.16229272e+00   2.35140395e+00   2.21214247e+00
    2.33418655e+00  -2.28004408e+00  -1.45530971e-02   2.61657126e-02]
 [ -1.73330498e+00   1.84609759e+00   2.55691218e+00   1.68451774e+00
    1.99362195e+00  -1.83963120e+00   3.18081025e-03  -1.18943207e-01]
 [ -1.96769738e+00   2.14285588e+00   2.02148986e+00   1.89095080e+00
    2.40740037e+00  -2.22028804e+00   7.79910060e-03  -2.90794689e-02]
 [ -2.08102083e+00   2.20114803e+00   2.15027094e+00   1.97829962e+00
    2.61324072e+00  -2.12972760e+00   4.67239972e-03  -1.98429693e-02]
 [ -1.61382365e+00   1.00464571e+00   1.07722282e+00   1.25155437e+00
    1.22692239e+00  -1.43994868e+00   1.70646477e-02  -2.01741129e-01]
 [ -1.73349392e+00   1.79939568e+00   1.68210554e+00   1.32035148e+00
    1.81913459e+00  -1.92045736e+00  -1.34165455e-02   1.60191022e-02]
 [ -1.55957520e+00   2.23331833e+00   1.67763770e+00   1.44772577e+00
    1.78648949e+00  -1.56516206e+00  -4.33585403e-04  -4.36191976e-01]]
Bob
[[ -4.43356894e-02   6.28315005e-03   1.13357618e-01  -1.28732454e-02
    1.84303112e-02  -3.55810076e-02   1.49019687e-02  -7.22201467e-02]
 [ -1.60733778e-02   2.81588342e-02  -2.50708405e-02  -2.17542686e-02
    2.77751107e-02  -1.01363594e-02   2.04137582e-02   2.45930124e-02]
 [ -4.33532819e-02   4.64047119e-03  -3.90236899e-02  -1.16000408e-02
    1.60262361e-02   5.70402555e-02  -9.34905410e-02  -7.32395500e-02]
 [ -3.56467254e-02   2.33708555e-03  -4.32815440e-02  -5.04366821e-03
   -1.17214829e-01  -2.83397250e-02   3.56208757e-02  -4.33064438e-02]
 [ -2.17146501e-02  -9.39736143e-02  -3.57301347e-02  -1.84467789e-02
    3.56900357e-02  -1.84848849e-02   3.03618722e-02   2.37274021e-02]
 [  6.89547956e-02   9.47437994e-03  -3.66866477e-02   9.35436860e-02
    3.48789208e-02  -2.74989065e-02   2.69793812e-02  -5.58646135e-02]
 [ -1.61696970e-02   2.81494036e-02  -2.50224713e-02  -2.16981620e-02
    2.77502518e-02  -1.05672628e-02   2.08737552e-02   2.49567032e-02]
 [ -1.58258695e-02   2.76995730e-02  -2.43257899e-02  -2.09350009e-02
    2.75259782e-02  -1.00938911e-02   1.99281890e-02   2.46351119e-02]
 [ -1.09894715e-01  -2.79144235e-02  -5.32876670e-01   9.82879400e-01
    7.87733078e-01  -5.24657547e-01   5.10558665e-01   2.67335624e-01]
 [ -1.60875833e+00  -1.67338010e-02  -1.16708934e+00  -5.13173103e-01
    1.27760267e+00  -1.58547485e+00   1.58127308e+00  -1.91772580e+00]
 [ -1.82804406e+00  -2.36634375e-03  -2.27971172e+00   6.27654046e-02
    1.50532007e+00  -1.95218670e+00   1.80649447e+00  -1.70062900e+00]
 [ -4.82717603e-01   1.86946504e-02  -5.10164320e-01  -6.55362546e-01
    4.69730318e-01  -1.09515749e-01   2.12117746e-01  -5.89875877e-01]
 [ -2.30938745e+00  -1.09989289e-02  -2.07939601e+00   3.95983569e-02
    2.62265921e+00  -2.40230799e+00   2.30225778e+00  -2.19714737e+00]
 [ -1.59393847e+00   2.62559066e-03  -1.31300735e+00   1.06761344e-01
    1.23135531e+00  -1.58800447e+00   1.77228427e+00  -1.64059353e+00]
 [ -1.91069257e+00  -4.99944612e-02  -1.62061977e+00  -1.68410614e-02
    2.26469827e+00  -1.86099076e+00   1.99900937e+00  -1.88634276e+00]
 [ -1.93253827e+00  -1.10398550e-02  -2.31010747e+00   4.53662425e-02
    2.25704885e+00  -2.01361895e+00   2.11815381e+00  -1.90522850e+00]]
Eve
[[ 3.3771286  -3.91345382 -3.80053735  3.54109311 -3.9542017   4.03749561
   0.67331165 -1.61787856]
 [ 3.74893451 -3.31106234 -3.70536804  3.91849685 -4.01580095  3.14420128
  -0.70492154  2.51315904]
 [ 3.5500133  -3.96555591 -3.39921737  3.7264998  -3.43234873  3.34488392
  -1.20021892  0.31219593]
 [ 3.9835999  -3.30333924 -3.24713922  3.27104425 -3.6138854   3.3005302
   0.32338285  0.71554518]
 [ 3.16551352 -3.90417218 -3.65170383  3.63895726 -4.07198715  3.27058029
  -0.88544351  0.6683619 ]
 [ 3.90277457 -3.96966195 -3.45309711  3.82364082 -3.90280008  3.38304663
  -0.88500577 -0.05109962]
 [ 3.14128685 -3.70531845 -3.50478864  2.95476985 -3.18743443  3.86271405
  -3.36224914  1.5794698 ]
 [ 3.48180556 -3.74478102 -4.01259232  3.91203904 -3.5388763   3.66253471
  -0.74276692  2.64454579]
 [ 3.04363275 -3.59775949 -3.83543324  3.48559165 -3.36051893  4.05458069
  -0.2785162   2.65747523]
 [ 3.27467442 -3.8856945  -3.78975105  3.19766998 -3.09311366  3.8005507
  -2.76145697  1.44183147]
 [ 3.83575559 -3.74732804 -3.17860293  3.47633719 -4.01696825  3.17960238
  -0.36744833  0.12893571]
 [ 3.63910341 -3.64266253 -3.60351014  3.65085983 -3.25345087  2.96021104
  -0.91221452  2.31773973]
 [ 3.09918189 -3.87817454 -3.71380305  3.46022224 -3.7491312   3.72792697
  -0.48436579  0.54696095]
 [ 3.333915   -3.31265235 -2.98912787  3.61919212 -3.40792227  3.60498333
  -0.207224    0.48062375]
 [ 3.682127   -3.05974293 -3.52727127  3.88465595 -3.04440141  3.78413844
  -0.53528392 -0.18314874]
 [ 3.64426565 -3.99844575 -3.77758169  3.4971559  -3.19476032  3.59406734
  -0.33862317 -1.0523603 ]]