Alice
[[  2.53104661e-02  -2.26537306e-02  -1.16414130e-01   1.32268399e-01
   -1.12805301e-02   3.77142131e-02   5.44254184e-02  -4.67820950e-02]
 [  3.14892828e-02  -2.16638967e-02   2.89736222e-02  -3.25135738e-02
   -1.83478538e-02   3.07422634e-02   1.27764056e-02  -2.21246295e-02]
 [ -1.70017242e-01  -7.03607872e-02   6.42823949e-02   4.54119183e-02
   -2.98502166e-02   4.14391570e-02  -5.40052317e-02  -4.95281070e-02]
 [  5.99994548e-02   1.12674400e-01   6.42322823e-02   1.00824550e-01
    4.48147359e-04  -4.14033644e-02  -9.13701802e-02  -1.31566972e-02]
 [  3.19208130e-02  -2.29113530e-02   2.98066735e-02  -3.31352688e-02
   -1.84302554e-02   3.07481419e-02   1.38467103e-02  -2.20290180e-02]
 [  3.22649665e-02  -2.25781277e-02   3.00916936e-02  -3.33103240e-02
   -1.89179424e-02   3.10338978e-02   1.35120349e-02  -2.19964292e-02]
 [  3.15202810e-02  -2.25831028e-02   2.91418992e-02  -3.22469212e-02
   -1.80965923e-02   3.06969509e-02   1.34502817e-02  -2.20492855e-02]
 [  3.16036195e-02  -2.23455857e-02   2.97611263e-02  -3.27849127e-02
   -1.85344983e-02   3.09864935e-02   1.36219217e-02  -2.18855590e-02]
 [  1.57550409e-01  -1.94359243e+00   1.66042674e+00   2.18050146e+00
   -1.71896136e+00   1.47115946e+00  -2.73111075e-01  -1.60883987e+00]
 [ -4.44429845e-01  -2.45075202e+00   1.40048909e+00   1.97910893e+00
   -1.91897988e+00   1.13749862e+00  -2.03538924e-01  -1.32649302e+00]
 [ -1.74458846e-02  -1.46633244e+00   9.59902763e-01   1.56163085e+00
   -1.62693703e+00   2.36248016e+00  -6.36645928e-02  -2.15552783e+00]
 [  6.39428850e-03  -2.20069003e+00   2.01825786e+00   2.14257622e+00
   -2.25424266e+00   1.93762028e+00   5.60285337e-03  -1.88746870e+00]
 [  2.24679075e-02  -2.21207237e+00   2.68491983e+00   1.81132543e+00
   -2.12446451e+00   2.63521266e+00   6.66572377e-02  -2.40058970e+00]
 [  6.61577433e-02  -1.70308053e+00   2.33493066e+00   1.73527396e+00
   -1.83934903e+00   1.22060132e+00   4.83820856e-01  -1.22160566e+00]
 [ -1.04684263e-01  -6.23975277e-01   1.60347021e+00   4.61361200e-01
   -4.90909755e-01   1.78055215e+00   4.24257606e-01  -1.11957538e+00]
 [ -1.53662302e-02  -2.24254155e+00   1.83231306e+00   2.31625557e+00
   -2.15092063e+00   2.20975161e+00   1.06647275e-02  -2.29105902e+00]]
Bob
[[ -9.08342823e-02   5.81036247e-02   6.99431822e-02   1.19339235e-01
    6.77899504e-03  -5.92806600e-02   1.54495286e-03  -1.72211020e-03]
 [ -9.21389610e-02  -8.85236487e-02  -2.95636840e-02  -2.94293426e-02
   -7.18978941e-02  -5.27647324e-02   7.74698798e-03   1.90819912e-02]
 [ -8.74504894e-02   3.76125090e-02  -5.02207801e-02  -3.44463401e-02
    8.25177878e-03   8.46303403e-02  -3.70722264e-03  -9.84684899e-02]
 [  2.44764294e-02   2.19388288e-02  -1.73489135e-02  -2.28556879e-02
    1.41798947e-02  -2.03564949e-02   1.41286310e-02   1.95455458e-02]
 [  2.44696084e-02   2.15960760e-02  -1.73417050e-02  -2.29068603e-02
    1.38737978e-02  -2.01203842e-02   1.36821661e-02   1.95164122e-02]
 [  2.49761511e-02   2.18958464e-02  -1.75149329e-02  -2.35662647e-02
    1.44661823e-02  -2.04731002e-02   1.41066974e-02   1.98579710e-02]
 [  2.33533233e-02   2.11996138e-02  -1.67788360e-02  -2.28678733e-02
    1.40202353e-02  -1.95759162e-02   1.31597351e-02   1.95550472e-02]
 [  2.40630228e-02   2.22205948e-02  -1.70449074e-02  -2.28685103e-02
    1.42045533e-02  -2.01188959e-02   1.38030704e-02   1.91808008e-02]
 [ -2.19035363e+00   2.09450769e+00  -2.15249991e+00  -2.13718581e+00
   -1.04366887e+00  -2.07393122e+00   2.29266500e+00   1.60978109e-01]
 [ -1.44329870e+00   1.56865740e+00  -1.51074946e+00  -1.83597600e+00
    1.00671828e-01  -1.25279379e+00   1.63764870e+00  -1.56830065e-02]
 [ -1.16690278e+00   1.35675383e+00  -1.27049553e+00  -1.32608569e+00
    5.37350923e-02  -1.99902284e+00   1.34253764e+00  -5.20199656e-01]
 [ -2.13456225e+00   1.70361543e+00  -1.80193651e+00  -1.64614511e+00
    3.18505466e-02  -1.47452927e+00   1.61932027e+00  -2.33295351e-01]
 [ -6.13868535e-01   6.84356153e-01  -5.99472106e-01  -1.08727765e+00
   -3.46593763e-04  -9.79779184e-01   7.49373972e-01   1.57170877e-01]
 [ -5.52367687e-01   1.29554629e+00  -9.10699248e-01  -7.72598803e-01
   -5.93362711e-02  -6.39523447e-01   7.51793623e-01   5.39092064e-01]
 [ -2.36254311e+00   2.18582678e+00  -2.49422336e+00  -2.06590939e+00
   -5.44466404e-03  -2.03325963e+00   2.54750729e+00   2.87377695e-03]
 [ -5.43862641e-01   3.36092144e-01  -5.26399970e-01  -6.00740373e-01
    1.53551474e-01  -3.71218264e-01   5.38288057e-01  -1.80798292e-01]]
Eve
[[-3.74976754 -3.53894544  2.99554491 -3.47425818 -3.47778559  3.52587867
  -0.43679187 -3.9873724 ]
 [ 0.6085282  -3.24289608  3.56019187 -3.83667636 -3.9207375   3.90533304
  -0.46182147 -3.49908853]
 [ 0.0929004  -3.97245359  3.72854376 -3.71287012 -3.19923401  3.47821879
  -0.00695029 -3.96099782]
 [ 0.29511452 -3.26965547  3.46129847 -3.31335235 -4.08883667  3.79379058
  -0.03755737 -3.42852139]
 [ 0.36500502 -3.19595885  3.49134302 -3.9395175  -3.08147812  3.60949588
  -0.00904444 -3.44143534]
 [-0.45081902 -3.51652265  3.17469025 -3.19072461 -3.71292543  3.4826293
  -0.70102662 -3.59520507]
 [ 0.08249403 -3.37379289  3.89615798 -3.05281377 -3.70896983  3.3570931
  -1.92742169 -3.73029065]
 [-0.07493191 -3.8163662   2.96881104 -4.06533289 -3.78218365  3.52704334
  -0.06690171 -3.3122952 ]
 [-1.90815485 -3.99631381  3.34492683 -3.58571982 -3.51760745  3.58470678
  -0.6215753  -4.09923029]
 [-0.54646212 -3.55101204  3.6865344  -3.07333207 -3.14159036  3.27588153
  -0.92879063 -3.08862162]
 [-1.76299751 -3.99222302  3.20820427 -3.74850702 -3.78844666  3.50255489
   0.264909   -3.43929553]
 [-1.6246258  -4.01168776  3.70169783 -3.66235971 -3.6879313   3.64131522
  -1.56279135 -3.60443997]
 [-0.43315265 -3.04328203  2.59195089 -2.86487341 -2.84500217  2.50485945
  -0.88323176 -2.91030931]
 [-1.51623106 -3.68153882  3.99028873 -3.10317826 -3.43362689  3.08917499
  -1.03058136 -3.32529068]
 [-0.21674708 -3.2615068   3.15287542 -3.42232132 -3.16763783  3.22031784
  -0.46787024 -3.71002197]
 [-2.28808928 -3.47301936  2.95687151 -3.12514472 -3.66944003  3.60886955
  -2.57256794 -3.51845574]]