Alice
[[ -7.80551210e-02  -2.62398839e-01   3.24506722e-02   1.03855296e-03
   -5.33060074e-01   2.37478372e-02   1.68194249e-01   9.37299919e-04]
 [ -4.06749779e-03  -1.24770060e-01  -1.63363367e-01   8.42257813e-02
   -1.05150074e-01   2.02474549e-01   5.39574819e-03  -7.37274438e-02]
 [ -3.04373121e-03  -5.62367812e-02  -8.75005350e-02   2.68163662e-02
   -3.70706357e-02   1.02906592e-01   6.46121043e-04  -3.67767476e-02]
 [ -2.95197847e-03  -3.94398235e-02  -4.84765545e-02   3.29132862e-02
   -3.00793443e-02   7.29283765e-02   1.12232415e-03  -2.37106308e-02]
 [ -3.29333404e-03  -1.32499471e-01  -2.03789487e-01   3.68667468e-02
   -1.04633316e-01   2.05764025e-01   8.28423910e-03  -8.12586322e-02]
 [ -5.61234122e-03  -1.44792482e-01  -2.10746825e-01   4.42522317e-02
   -1.23781934e-01   2.14005530e-01   1.19625144e-02  -8.46034139e-02]
 [ -3.11560486e-03  -3.76689881e-02  -3.34638394e-02   5.37282676e-02
   -3.28075811e-02   7.16687068e-02   1.04794162e-04  -2.11387295e-02]
 [ -3.07301478e-03  -4.79836278e-02  -7.32301176e-02   2.59748697e-02
   -3.22116725e-02   8.80229548e-02   3.46984714e-04  -3.11339665e-02]
 [  5.62158995e-04  -4.59159754e-04  -9.06269066e-04   4.09169297e-04
   -4.12945228e-04   5.28872421e-04  -1.52053717e-05  -3.07704497e-04]
 [  5.15351538e-04  -4.64469835e-04  -8.54414306e-04   4.07748797e-04
   -3.58075951e-04   5.09951962e-04  -3.55078118e-05  -3.08295275e-04]
 [  5.37037908e-04  -4.70775121e-04  -8.61295324e-04   4.11696907e-04
   -3.86571599e-04   5.08508761e-04  -2.84056387e-05  -3.14600707e-04]
 [  5.46561147e-04  -4.73306165e-04  -8.52042111e-04   4.02024802e-04
   -3.97252530e-04   5.60272019e-04  -2.58373766e-05  -2.84266833e-04]
 [  5.26893011e-04  -4.99630638e-04  -8.77143932e-04   4.10164997e-04
   -3.84460378e-04   5.52548328e-04  -2.82525180e-05  -3.26422654e-04]
 [  5.47960692e-04  -4.97153844e-04  -9.07809474e-04   4.32055269e-04
   -4.13404196e-04   5.53119520e-04  -3.53996038e-05  -3.13700642e-04]
 [  5.18347602e-04  -4.83422336e-04  -8.85133806e-04   3.94375151e-04
   -4.18735755e-04   5.48396551e-04  -1.19121769e-05  -3.09815718e-04]
 [  5.03307034e-04  -4.34255577e-04  -8.43541056e-04   3.79343197e-04
   -3.80703976e-04   5.05027594e-04  -1.59570664e-05  -2.88173702e-04]
 [  3.73943299e-02  -5.51121831e-02  -4.79839504e-01   3.07316154e-01
   -7.61861503e-01   2.31761381e-01  -2.44025394e-01  -8.00071061e-02]
 [ -1.25535262e+00  -1.70490425e-02  -6.85890138e-01   1.48682326e-01
    3.77014168e-02   1.61512837e-01   1.34219825e-02  -9.41540956e-01]
 [ -1.46263599e+00  -3.43195871e-02  -2.63970107e-01   5.42737484e-01
   -1.57799870e-01   8.50683674e-02   2.18275748e-02  -1.09401345e-01]
 [ -5.75760007e-01   1.06689119e+00   1.35901928e-01   8.95376578e-02
    3.56873162e-02  -1.15860604e-01   9.96382535e-03   1.34961456e-01]
 [  3.73714209e-01  -1.02809840e-03  -6.73757195e-02   2.36833259e-03
   -1.85717433e-03   4.39158967e-03   8.52501951e-04  -7.63494568e-03]
 [ -4.71963286e-01  -5.68391569e-02   4.37380224e-02   1.77694857e-01
    5.43580670e-03  -6.98912591e-02  -1.59314293e-02  -1.95176169e-01]
 [ -7.43707955e-01  -2.38548160e-01  -9.38653409e-01   3.03940982e-01
   -6.17179990e-01   7.03265607e-01   1.82885639e-02  -4.11311239e-01]
 [ -3.73662114e-01   1.06954412e-03   6.73724785e-02  -2.34385836e-03
    1.84832257e-03  -4.35709301e-03   9.99203920e-01   7.63880741e-03]]
Bob
[[-0.70996112 -0.02499196 -0.06918982  0.03894218  0.29793218  0.02791498
   0.16449258  0.29793584]
 [-0.04753145  0.08658361 -0.1009719  -0.00769508  0.40517002 -0.01100517
   0.1672374   0.40516752]
 [-0.01981928  0.05968837 -0.0764861   0.0577386   0.29861882 -0.02441929
   0.08326858  0.29866791]
 [-0.01793058  0.06177881 -0.05283836  0.06561487  0.26636639 -0.03735079
   0.06578653  0.26642388]
 [-0.06294826  0.06600004 -0.13759921  0.01187044  0.41273314  0.01334752
   0.15491955  0.41275474]
 [-0.0795671   0.07695002 -0.14708723  0.00197935  0.4486551   0.00938455
   0.16466415  0.44871348]
 [-0.01237297  0.07410165 -0.04036175  0.05380803  0.27104923 -0.04909423
   0.07041448  0.27103546]
 [-0.01753073  0.06637683 -0.07395653  0.06527721  0.30420908 -0.03412537
   0.07244785  0.30424288]
 [-0.00727991  0.05711673 -0.04048864  0.08958379  0.20707609 -0.05009071
   0.00157579  0.20712775]
 [-0.00729337  0.05703238 -0.04043045  0.08946542  0.20673041 -0.05000019
   0.00157065  0.20677805]
 [-0.00747385  0.05854692 -0.04149046  0.09181213  0.21226853 -0.05133836
   0.00163296  0.21226488]
 [-0.00710625  0.05582152 -0.03958033  0.08761243  0.20246702 -0.04899663
   0.00152747  0.20248526]
 [-0.00753378  0.05891794 -0.04177075  0.09241429  0.21358334 -0.0516759
   0.0016126   0.21364233]
 [-0.00754227  0.05902962 -0.04184582  0.09258715  0.21403915 -0.05176539
   0.00165648  0.21408966]
 [-0.0076938   0.06030985 -0.04276802  0.09462721  0.21871048 -0.05291918
   0.00164892  0.21873833]
 [-0.00729314  0.0569887  -0.0403841   0.08939376  0.20657933 -0.04996871
   0.00158578  0.2066247 ]
 [-0.75254804  0.58643758 -0.54250669 -0.39335373  0.84464949 -0.47702587
   0.50033224  0.02130716]
 [-0.47739351  0.21677028 -0.51991379  0.54832238  0.02147467 -0.25331548
   0.16633546  0.07396672]
 [-0.25255746  0.4088099  -0.08880543 -0.28753173  0.0145646   0.04061105
   0.45889816 -0.04611446]
 [-0.47545159  0.23239098 -0.44821805 -0.12729926 -0.23260932 -0.26750892
   0.25456509 -0.03068645]
 [-0.25112095  0.19218867 -0.32921451 -0.77921283 -0.19998918 -0.3182835
   0.06836723  0.00112941]
 [-0.15901959  0.34735167 -0.59524989 -0.43259782  0.15586708 -0.47279239
   0.24031159 -0.00591548]
 [-0.96418077 -0.4704521  -0.1499359  -0.21005757 -0.07862705 -0.25932744
   0.16994447 -0.13638218]
 [-0.02953564 -0.65536481 -0.72530401 -0.15964495 -0.27581197 -0.37313226
   0.14298008  0.03568867]]
Eve
[[  4.02022302e-01  -2.62368292e-01   5.87869406e-01   7.11118996e-01
    1.17898381e+00   3.33280772e-01   1.53048366e-01   3.52195799e-01]
 [  1.24074101e+00  -7.59155229e-02   1.51289833e+00   1.00175798e+00
    8.87743413e-01   1.03755403e+00   4.50794667e-01   1.07697511e+00]
 [  5.84739327e-01   3.95245757e-03   7.11499035e-01   4.17137712e-01
    3.86031449e-01   5.03767848e-01   1.94370493e-01   4.73684013e-01]
 [  4.02498066e-01   5.21572493e-03   4.92292017e-01   3.37673515e-01
    2.95758963e-01   3.85474980e-01   1.58690050e-01   3.45722973e-01]
 [  1.25366044e+00  -5.10408953e-02   1.54436886e+00   8.57233405e-01
    8.67810190e-01   9.72194374e-01   3.81212771e-01   1.01269996e+00]
 [  1.35807979e+00  -9.12663192e-02   1.65736723e+00   9.54525173e-01
    9.63087738e-01   1.02814257e+00   4.11659986e-01   1.10519588e+00]
 [  4.18667018e-01  -1.68036390e-02   5.00060201e-01   4.14446235e-01
    3.14335227e-01   4.13784087e-01   1.91301569e-01   3.91792208e-01]
 [  5.14338493e-01  -4.92953183e-03   6.16917968e-01   3.74322861e-01
    3.34909171e-01   4.37510937e-01   1.72003582e-01   4.19225514e-01]
 [  3.75264257e-01  -5.68583906e-01   7.89468586e-01   1.65396497e-01
    1.07247746e+00  -4.46629494e-01  -1.08204223e-02   3.18663746e-01]
 [ -7.61935651e-01  -7.15416014e-01  -4.67334837e-01  -6.35580540e-01
    1.36654392e-01  -3.75350654e-01  -6.99000418e-01  -5.37355900e-01]
 [ -8.81662309e-01  -7.06397414e-01  -5.64878821e-01  -1.81304917e-01
   -4.52113688e-01  -2.38386840e-01  -2.33819544e-01  -2.16792420e-01]
 [ -1.26318848e+00  -1.01059616e+00  -9.02874589e-01  -7.40133107e-01
   -8.81326199e-01  -8.63818347e-01  -1.08921683e+00  -4.26561952e-01]
 [  4.99361783e-01  -3.06980669e-01   3.89027327e-01  -1.32986309e-03
    1.56714380e+00   7.60020077e-01   4.59701084e-02  -3.52071002e-02]
 [  7.66202342e-03  -5.48810005e-01  -3.41533497e-02  -1.21890835e-01
   -4.12229717e-01   1.89450011e-01  -2.76531994e-01  -3.07125658e-01]
 [ -1.21415235e-01  -5.56188524e-01   1.48340866e-01   3.93179655e-01
    1.14875758e+00  -1.25034660e-01   5.00711977e-01  -1.80547073e-01]
 [ -1.60617459e+00  -6.40973091e-01  -6.89708143e-02  -4.49314684e-01
   -1.43546307e+00  -5.35644948e-01  -4.55906838e-01  -1.36207283e+00]
 [  1.43212095e-01  -1.85157463e-01   7.24585235e-01   5.28281271e-01
    1.29330897e+00   1.51397377e-01   9.07398760e-02   2.76057035e-01]
 [  2.01946998e+00   7.90409982e-01   4.78976592e-02  -1.14939339e-01
   -3.38114053e-01   4.18163031e-01  -3.63189131e-01   6.92714751e-01]
 [  2.27725983e+00   6.45138502e-01   7.49789476e-01   2.05568194e-01
    4.39369440e-01   5.17461300e-01   3.47216755e-01   1.23307288e-01]
 [  2.79105306e+00   1.28678715e+00   6.50567174e-01   9.48553026e-01
    2.39846453e-01   5.08400835e-02   2.47827038e-01   8.72138321e-01]
 [ -8.46360147e-01   3.43513004e-02  -8.14484209e-02   1.81958228e-01
    3.64048244e-03  -2.28634134e-01   3.61755729e-01  -1.80681840e-01]
 [  2.11283040e+00   2.62080520e-01  -5.15470095e-02   6.02330565e-01
   -2.00799495e-01  -1.06665587e+00  -3.38572145e-01   1.37834907e-01]
 [  6.24602437e-01  -3.24788988e-01  -1.29518583e-01  -4.06830490e-01
    1.62001461e-01   6.90877438e-02  -5.49669027e-01  -3.96829844e-01]
 [  2.76106387e-01  -4.73730750e-02   8.15578029e-02  -1.44118518e-01
    5.84786758e-03   2.53725678e-01   2.05472255e+00   2.25813463e-01]]