Alice
[[  1.39856920e-01  -6.26440942e-02  -1.96741208e-01   4.03273292e-02
   -1.89336136e-01  -6.57422096e-03   1.24988267e-02   1.79007128e-01]
 [  1.20063581e-01  -6.43600151e-02  -1.54955506e-01  -1.16196545e-02
   -1.28118530e-01  -3.13280672e-02   3.93776745e-01   1.46511644e-01]
 [  1.39447361e-01  -5.93636073e-02  -1.94488257e-01   4.00739349e-02
   -1.84109509e-01  -4.61715460e-03   1.16132842e-02   1.75236821e-01]
 [  1.38879195e-01  -6.44017681e-02  -1.94827154e-01   4.01827060e-02
   -1.85755178e-01  -5.32826222e-03   1.21339923e-02   1.76180527e-01]
 [  1.33694410e-01  -6.00615665e-02  -1.86554015e-01   3.82555686e-02
   -1.75847605e-01  -4.16604476e-03   1.09335417e-02   1.67773381e-01]
 [  2.02784594e-02  -5.63867837e-02  -7.68324137e-02   8.03782523e-01
   -7.87048340e-02  -4.59905574e-03  -1.36860879e-02   1.26613423e-01]
 [  4.31867391e-01  -1.22210450e-01  -1.24345779e-01  -5.76711493e-03
   -1.65767655e-01   4.18557040e-03  -4.52741195e-04   2.09295124e-01]
 [  1.26590312e-01  -5.72830550e-02  -1.80799171e-01   3.93416472e-02
   -1.75026119e-01  -4.19750158e-03   1.33213801e-02   1.62669703e-01]
 [ -2.25784279e-05  -3.17047507e-01   2.75669754e-06   6.51851296e-05
   -1.55666596e-04  -1.66153986e-05   1.80521150e-04  -2.36344167e-05]
 [ -7.36087241e-05  -3.14705282e-01   1.87349688e-05   1.49012907e-04
   -1.67184873e-04   2.33792489e-05   1.90579682e-04  -7.52120250e-05]
 [ -1.02227023e-04  -3.06523383e-01  -4.09106869e-05   6.72236929e-05
   -2.13715088e-04  -6.08351402e-05   1.81666430e-04  -6.29067363e-05]
 [ -1.20552242e-04  -3.15738559e-01   1.12594862e-05   8.79679210e-05
   -1.72187574e-04  -1.99523820e-05   1.79214374e-04  -8.26091782e-05]
 [ -1.25218357e-04  -3.14992934e-01   3.61040725e-06   9.68793101e-05
   -2.06617638e-04  -1.65223628e-05   2.27907774e-04  -1.00830235e-04]
 [ -7.60888361e-05  -3.22219759e-01  -2.10176731e-05   6.16602192e-05
   -1.82640491e-04  -2.86027916e-05   1.58679686e-04  -7.86424716e-05]
 [ -1.25662817e-04  -3.14271778e-01  -1.12939888e-05   5.65152332e-05
   -1.83910422e-04  -1.94812401e-05   1.57888600e-04  -4.95332060e-05]
 [ -8.00678026e-05  -3.21013838e-01   2.15177943e-06   9.23338885e-05
   -1.95627144e-04  -1.40121201e-05   1.61611519e-04  -6.11228752e-05]
 [ -1.91703200e-01   4.09768492e-01  -2.25178823e-01   4.42128986e-01
   -5.18248439e-01  -4.68134373e-01   1.85940313e+00   1.09171115e-01]
 [  2.61406392e-01   5.51958025e-01  -5.86040676e-01   5.21573462e-02
    1.83151532e-02  -8.59194219e-01  -1.23490905e-02   6.02340460e-01]
 [ -9.84846354e-02   5.56981921e-01   1.89031810e-02   1.86717778e-01
   -1.99550182e-01  -4.98013735e-01  -2.42392272e-01  -2.25182027e-01]
 [ -1.67025343e-01   4.53889281e-01  -9.25796852e-02   2.13411942e-01
   -2.17451692e-01  -1.39055550e+00   5.68403304e-02   4.04939838e-02]
 [ -3.94375503e-01   3.61625344e-01   2.94099391e-01  -8.38629603e-01
    6.67337105e-02  -6.78589463e-01   9.63976741e-01  -1.08711638e-01]
 [ -4.85895455e-01  -4.87714186e-02  -3.21648508e-01   6.62271440e-01
   -6.61882818e-01  -5.22247612e-01  -2.41278827e-01   5.10421395e-01]
 [  1.04761767e+00   2.93482453e-01  -1.74830407e-01   2.21582681e-01
   -1.83185041e-01  -6.78969145e-01  -6.60406891e-03   3.60810347e-02]
 [ -2.32778788e-01   5.42498082e-02   6.18741363e-02  -1.01955497e+00
    1.30545404e-02  -9.93999362e-01   1.00159489e-01  -1.03970572e-01]]
Bob
[[ -3.10541509e-05  -1.94201037e-01  -5.06143123e-02  -1.34638444e-01
    2.01509576e-02   1.66219473e-01   1.02941049e-04   2.16568366e-01]
 [  2.73056597e-01  -1.58422664e-01   1.04036964e-01  -1.43826738e-01
    7.58088231e-02   1.44437239e-01   1.62357246e-05   1.77836418e-01]
 [ -3.91492285e-05  -1.94239855e-01  -5.84100187e-02  -1.36688203e-01
    2.01707184e-02   1.62660480e-01   5.99852719e-05   2.06730932e-01]
 [  2.23886382e-05  -1.93781301e-01  -5.55180945e-02  -1.35482758e-01
    2.03850549e-02   1.63813472e-01   4.62245662e-05   2.09360242e-01]
 [ -1.97460213e-06  -1.89051777e-01  -4.65972275e-02  -1.18460074e-01
    1.85094159e-02   1.61861017e-01   1.29473519e-05   2.02418521e-01]
 [  5.80678284e-02  -1.02832146e-01  -9.45859104e-02  -1.16253473e-01
   -2.86196508e-02   2.95737147e-01  -1.67712152e-01   6.36028498e-02]
 [ -1.14900606e-04  -1.80862695e-01  -1.37030764e-03  -7.39524364e-02
   -5.28027629e-03   1.05461501e-01  -5.03017545e-01   1.84952319e-01]
 [ -5.94801022e-05  -1.76887944e-01  -6.38751239e-02  -1.41022637e-01
    2.03140322e-02   1.45848021e-01   7.18645388e-05   1.88911155e-01]
 [ -2.21480309e-06   3.41908308e-03  -2.24071275e-02  -2.42230203e-02
    3.08676576e-03  -1.00176465e-02  -7.41634085e-06  -1.44828008e-02]
 [  1.78889568e-05   3.63684539e-03  -2.33766288e-02  -2.53958069e-02
    3.18257720e-03  -1.06396014e-02  -4.51576489e-06  -1.49004161e-02]
 [  4.49512663e-05   3.48277926e-03  -2.27842499e-02  -2.46311985e-02
    3.11038527e-03  -1.02215642e-02   1.71311513e-05  -1.46496277e-02]
 [ -3.14578938e-05   3.49996542e-03  -2.30697915e-02  -2.50141229e-02
    3.15114111e-03  -1.03342449e-02   3.51520212e-05  -1.49751594e-02]
 [  2.33335722e-05   3.63254338e-03  -2.32971702e-02  -2.54223011e-02
    3.18816234e-03  -1.06373830e-02  -2.94828496e-05  -1.48900049e-02]
 [ -2.96549388e-06   3.67957097e-03  -2.37630773e-02  -2.58138273e-02
    3.26692965e-03  -1.07642477e-02   1.61072785e-05  -1.52833536e-02]
 [  2.66066559e-06   3.68037401e-03  -2.34733224e-02  -2.55135000e-02
    3.17138270e-03  -1.06351441e-02  -1.24112457e-05  -1.51075162e-02]
 [  4.60446790e-06   3.59810120e-03  -2.35401504e-02  -2.54905298e-02
    3.22872377e-03  -1.06039932e-02  -2.20459024e-05  -1.50610069e-02]
 [  1.42725809e-02  -1.65566966e-01  -3.79039258e-01  -8.62177193e-01
    2.85429657e-01   4.63569432e-01  -1.12375307e+00  -3.63673657e-01]
 [  6.22994121e-05   4.69049337e-05  -1.00037980e+00  -6.01221458e-04
    6.21659274e-05  -2.01795956e-05   3.15626705e-04   9.44489730e-05]
 [  2.27904879e-02  -4.26656097e-01   1.51681215e-01  -6.69330835e-01
    3.04971933e-01   5.99882901e-01   4.41287816e-01  -3.67264986e-01]
 [ -6.27742261e-02  -1.55575722e-01  -6.23315647e-02  -3.68032932e-01
    3.60779315e-01  -2.25899927e-02   1.27991900e-01  -1.36467576e+00]
 [ -2.05610707e-01  -1.33042172e-01  -1.25312164e-01  -7.56406367e-01
    8.33680868e-01   7.68089108e-03   1.20719247e-01   1.06704637e-01]
 [  9.56642807e-01  -2.39757001e-01   9.54989344e-02   2.17291370e-01
   -4.11428839e-01   5.48450828e-01   4.66768324e-01   3.76714885e-01]
 [  1.76613319e+00  -1.37195110e-01  -5.68063736e-01  -4.70793843e-01
    2.20533371e-01   1.01715885e-01   1.86402455e-01  -2.07870081e-01]
 [  7.26523027e-02  -1.12214640e-01  -5.63709974e-01  -8.50901783e-01
    2.15365440e-01  -2.38338076e-02   7.16384277e-02  -1.10800005e-01]]
Eve
[[  1.19431168e-01   5.60658574e-01  -6.84639752e-01   1.37048632e-01
    7.83697248e-01  -1.24565732e+00   3.30919772e-02  -3.52002650e-01]
 [  1.18827792e-02   5.38387239e-01  -8.37260723e-01   7.12342411e-02
    7.27429152e-01  -1.33137846e+00   2.15298152e+00  -6.04284823e-01]
 [  1.25165075e-01   5.57239532e-01  -6.81615710e-01   1.46024555e-01
    7.90741324e-01  -1.21437693e+00   2.53343191e-02  -3.64999533e-01]
 [  1.21987849e-01   5.61833739e-01  -6.91715658e-01   1.42099634e-01
    7.94145763e-01  -1.22188103e+00   2.88905054e-02  -3.69909078e-01]
 [  1.19577192e-01   5.72635531e-01  -6.88997865e-01   1.40767008e-01
    7.99900413e-01  -1.15245450e+00   2.48457715e-02  -3.83887470e-01]
 [  3.90093893e-01   7.28017271e-01  -9.22420740e-01   1.63907981e+00
    5.00220358e-01  -6.34528279e-01   2.26596766e-03  -5.94901204e-01]
 [  2.34537268e+00   5.88527739e-01  -1.27043474e+00   3.53073180e-01
    1.10744977e+00  -1.29449654e+00   9.62629914e-02  -9.36437786e-01]
 [  1.05945803e-01   5.65795839e-01  -7.24079311e-01   1.35221526e-01
    7.88377047e-01  -1.14785457e+00   3.06530707e-02  -4.44476902e-01]
 [  7.50432134e-01   2.90380657e-01   4.19213712e-01  -3.11383605e-01
   -3.63879144e-01  -8.59739244e-01  -1.42907917e-01   6.34482861e-01]
 [ -1.43918516e-02  -2.77563334e+00  -1.71660781e+00  -5.70673589e-03
    1.60811579e+00  -3.59129846e-01   3.26247257e-03  -1.89850843e+00]
 [ -3.31128746e-01   6.34772837e-01  -2.67088693e-02   2.98975229e-01
   -2.18270734e-01  -8.18003416e-01   2.61101127e-01  -2.15897396e-01]
 [ -1.75532714e-01  -9.82273892e-02   9.67958644e-02   1.50285089e+00
   -3.94271575e-02  -6.82340503e-01  -4.28063311e-02   1.08243592e-01]
 [  1.16116524e-01   9.66537818e-02  -2.42311023e-02  -1.44376382e-01
   -7.39123583e-01  -3.22718054e-01  -6.01603568e-01  -3.81664038e-02]
 [  2.47220173e-02   7.32169807e-01   2.56837547e-01  -1.26558036e-01
    1.94940940e-01  -2.50071827e-02   7.87168264e-01   6.60720229e-01]
 [ -1.19869918e-01  -4.21416759e-01   5.54091692e-01   1.33576274e-01
   -3.41725558e-01  -6.20187581e-01   1.78244495e+00   7.61495948e-01]
 [ -1.90213583e-02   2.34709069e-01   5.85908532e-01  -1.24613615e-02
    1.04114823e-01  -5.82522988e-01   1.73720241e-01  -2.63684422e-01]
 [ -5.39556026e-01  -2.53733486e-01   6.96942806e-01   4.72670794e-01
   -6.06297553e-01  -8.47639561e-01   1.51472509e+00   2.97643512e-01]
 [  3.18264604e-01  -3.63810033e-01   8.86212409e-01  -3.27424586e-01
   -5.84632695e-01  -6.59351766e-01  -5.52665815e-02   5.07324278e-01]
 [ -3.64395827e-01  -1.33393240e+00   1.15510762e+00   3.66787195e-01
   -5.06948173e-01  -1.28175712e+00   1.80400893e-01   5.26847184e-01]
 [ -2.59079691e-02  -3.83489251e-01  -4.17971276e-02   3.09892565e-01
   -3.67031097e-02  -1.37668073e+00  -5.35844546e-03  -2.89903313e-01]
 [ -1.10812879e+00  -1.59204972e+00   1.66599309e+00  -1.82600245e-02
   -1.85779583e+00   2.33133696e-02   9.40531075e-01   1.97333097e+00]
 [ -2.86409020e-01   1.40560046e-01   4.87500876e-01   6.67613447e-01
   -6.14099145e-01   8.90206248e-02  -1.25116736e-01   9.08853590e-01]
 [  2.61423588e-01  -4.61457491e-01   7.52793908e-01   3.11495841e-01
   -5.44531524e-01  -6.04443014e-01  -4.89856489e-02   6.94814026e-01]
 [ -3.74057561e-01  -4.54170614e-01   4.83890831e-01  -1.44126987e+00
   -4.80381995e-01  -3.97915751e-01   2.49040663e-01   2.58022606e-01]]