Alice
[[ -1.20948456e-01  -5.26442118e-02  -3.44237238e-02  -6.65854365e-02
    2.69804895e-02  -1.19188381e-02  -5.64832129e-02  -5.00208624e-02
   -3.88151035e-02   4.20165844e-02   2.63234209e-02  -4.84456215e-03
   -9.25463885e-02   2.88269129e-02   3.07705682e-02  -3.48090827e-02]
 [ -1.35939479e-01  -7.65849650e-02  -5.13557494e-02  -5.83253913e-02
    2.38327924e-02  -1.27882004e-01  -5.56098148e-02  -6.31022975e-02
   -8.28203857e-02   4.45745811e-02   3.23970355e-02   2.63866968e-02
   -3.44074443e-02  -2.38541048e-02   6.38027093e-04  -5.76131120e-02]
 [ -1.45925477e-01  -6.45996034e-02  -5.21034710e-02  -3.18785049e-02
    6.89624697e-02  -1.20145135e-01  -6.71900511e-02  -5.33470064e-02
   -5.09124212e-02   8.45011976e-03   5.47729470e-02   2.65379669e-04
   -1.27144922e-02   3.50281224e-02   7.59547502e-02   2.07123104e-02]
 [ -9.93524566e-02  -9.91643686e-03  -1.88862123e-02  -4.95274998e-02
    3.52310725e-02   5.04293218e-02  -4.83398102e-02  -3.89735363e-02
   -3.60917859e-02  -1.57067855e-03   2.68278364e-02   7.74511276e-03
   -4.82241958e-02   3.89828570e-02   2.15184875e-02  -5.27241118e-02]
 [ -1.42208055e-01  -8.09247643e-02  -2.91142310e-03  -1.37439504e-01
    1.53435683e-02  -3.19105387e-02  -6.02215193e-02  -5.44540957e-02
   -8.26913342e-02  -6.78211451e-02   5.31548485e-02   2.48256903e-02
   -5.13930097e-02  -1.10639539e-02  -2.95893122e-02  -5.99986725e-02]
 [ -1.45301223e-01  -8.67477655e-02   1.27452314e-02  -8.82390607e-03
    4.84326854e-02  -1.33261740e-01  -7.63043016e-02  -1.66999642e-02
   -7.69862682e-02  -2.89135240e-02   2.98271980e-02   5.37586212e-02
    1.43486679e-01   4.00725901e-02  -3.66660058e-02  -1.97131112e-02]
 [ -1.51336804e-01  -7.93540403e-02  -4.62873317e-02  -3.37496996e-02
    6.75455928e-02  -7.59780183e-02  -7.17161372e-02  -4.91606481e-02
   -6.06745444e-02  -8.23196173e-02   4.18156348e-02  -1.33316295e-04
   -1.14156352e-02   3.76180708e-02   2.73066647e-02  -2.75919326e-02]
 [ -1.20110631e-01  -5.80528378e-02  -6.13207109e-02  -2.60655843e-02
    3.72762382e-02  -8.00633132e-02  -4.21599783e-02  -4.25270833e-02
   -6.66207224e-02  -6.07723044e-03   2.14805789e-02   8.69709160e-03
   -4.01887111e-02   1.64822191e-02   1.86587721e-02  -4.88423966e-02]
 [ -1.38624966e-01  -6.99716806e-02  -4.62674908e-02  -4.73585632e-03
    7.57416859e-02  -2.65665632e-02  -6.40009120e-02  -3.12418733e-02
   -5.09745739e-02  -9.13167670e-02   1.60783790e-02  -2.54019233e-03
    9.80363786e-03   5.64063974e-02  -4.42872010e-03  -4.77394983e-02]
 [ -1.21381201e-01  -3.92603539e-02  -3.95766422e-02  -2.07044091e-02
    6.11467808e-02  -1.13644628e-02  -5.09124659e-02  -1.42790768e-02
   -4.61541042e-02   5.57107478e-02   1.14349956e-02  -1.47901401e-02
   -3.21342759e-02   8.29782486e-02   3.61167155e-02  -4.08361703e-02]
 [ -1.22328162e-01  -6.44110739e-02  -6.81221187e-02  -4.02951427e-02
    4.32766005e-02  -9.32391435e-02  -4.27566394e-02  -5.61272129e-02
   -4.60463203e-02   4.70142290e-02   3.37758809e-02   9.98822507e-03
   -4.56377342e-02  -6.51433785e-03   1.99103821e-02  -4.91518946e-03]
 [ -1.35197863e-01  -6.54953793e-02  -4.07202169e-02  -4.70932201e-02
    1.52440807e-02  -2.60664690e-02  -7.43442103e-02  -3.81140858e-02
   -4.10304330e-02  -7.64533803e-02   3.06744631e-02   1.82228591e-02
   -5.36756031e-02   3.94732878e-02   3.91228236e-02   1.34793765e-04]
 [ -1.11057535e-01   7.71417050e-03  -2.65268106e-02  -1.29887313e-02
    5.46950586e-02  -8.54149312e-02  -5.88576831e-02  -3.27783078e-02
   -6.87858462e-02  -4.07717153e-02   7.23299533e-02   2.45113857e-02
   -2.47051343e-02   6.63775653e-02   1.71340421e-01   1.39134871e-02]
 [ -1.25808641e-01  -6.16423115e-02  -3.65097336e-02  -8.83796364e-02
    2.24875491e-02  -9.15539712e-02  -5.05321547e-02  -7.59225041e-02
   -6.06424920e-02  -3.32666636e-02   6.40448481e-02   2.39141695e-02
   -6.24944158e-02  -2.88368780e-02   3.65963094e-02  -7.57265603e-03]
 [ -1.24333866e-01  -5.78299798e-02  -8.85337219e-02  -2.58048493e-02
    5.79465628e-02  -9.80409160e-02  -4.66503613e-02  -7.73095712e-02
   -4.08451818e-02   2.94529572e-02   3.94958295e-02   1.30987111e-02
   -3.32068428e-02  -3.36241834e-02   1.48421107e-02  -7.34613976e-03]
 [ -1.40413195e-01  -9.46550444e-02  -4.25597243e-02  -5.14520332e-02
    1.81378971e-04  -9.27290544e-02  -6.22562692e-02  -5.00646867e-02
   -7.38891363e-02  -3.50617655e-02   2.38342136e-02   1.95471551e-02
   -6.71299621e-02   1.36907743e-02  -1.29622070e-03  -5.91489710e-02]
 [ -4.74887863e-02  -1.88277718e-02  -1.91843454e-02   1.09701306e-02
    2.39177849e-02  -8.33014399e-03   4.79192473e-03  -1.86069519e-03
   -2.77040955e-02   1.13903061e-02   5.58670284e-03   3.58208306e-02
   -5.26386052e-02   2.72099581e-02   3.00818533e-02  -8.87600798e-03]
 [ -4.74711843e-02  -1.54390940e-02  -2.44744215e-02   1.45013053e-02
    2.65983138e-02   2.90472806e-03   3.75101902e-03  -2.27574189e-03
   -2.75528207e-02   1.57658197e-02   1.26617216e-03   5.71079068e-02
   -3.49164940e-02   7.49261584e-03   9.49746277e-03  -7.82013964e-03]
 [ -4.79499139e-02  -1.83743760e-02  -1.31305400e-02   1.48835946e-02
    3.01209837e-02   1.55433621e-02  -4.88930009e-03  -8.23588390e-03
   -1.57681741e-02   2.73143481e-02  -4.42755362e-03   6.32741004e-02
   -1.48998322e-02  -4.10451461e-03  -6.67430088e-03  -1.43752841e-03]
 [ -4.92543988e-02  -1.76945291e-02  -1.89572889e-02   1.29611595e-02
    2.74474304e-02   2.93637230e-03  -5.81122178e-04  -7.46475440e-03
   -2.14810967e-02   2.08269693e-02   2.28939508e-03   4.77550440e-02
   -3.81183103e-02   1.24875661e-02   1.45351477e-02  -5.05808042e-03]
 [ -4.76933941e-02  -1.99730117e-02  -1.64104942e-02   9.81826615e-03
    2.36047283e-02  -9.96890292e-03   3.57804494e-03  -3.32758320e-03
   -2.55365521e-02   1.21806674e-02   6.49024593e-03   2.92944945e-02
   -5.58529347e-02   3.15478332e-02   3.45825441e-02  -8.06452986e-03]
 [ -4.87204306e-02  -2.07353551e-02  -1.98363028e-02   7.69711379e-03
    2.07314044e-02  -2.35519651e-02   8.71247519e-03  -4.39348514e-04
   -3.23282965e-02   4.02107416e-03   1.24582294e-02   1.37484968e-02
   -7.87391737e-02   5.02250716e-02   5.64078614e-02  -1.22062415e-02]
 [ -4.88205515e-02  -2.37253960e-02  -1.56280622e-02   4.38987883e-03
    1.79877114e-02  -3.48636918e-02   1.02882059e-02   4.82058967e-04
   -3.32704559e-02  -8.99288745e-04   1.67983584e-02  -6.33171014e-03
   -9.64447185e-02   6.92237839e-02   7.65828937e-02  -1.36212306e-02]
 [ -4.67389040e-02  -1.73944701e-02  -2.08411831e-02   1.27176549e-02
    2.50124857e-02  -2.38449057e-03   4.61236201e-03  -9.96525865e-04
   -2.78679784e-02   1.28655266e-02   2.80960742e-03   4.71863002e-02
   -4.20737229e-02   1.69322006e-02   1.85670462e-02  -8.46730918e-03]
 [ -4.85092998e-02  -1.59343034e-02  -2.47121807e-02   1.29559077e-02
    2.56702378e-02  -2.62702652e-03   3.93083133e-03  -4.01969068e-03
   -2.76082717e-02   1.48111740e-02   4.65348363e-03   4.62140888e-02
   -4.65974808e-02   1.70208700e-02   2.10351571e-02  -8.36852565e-03]
 [ -4.90126126e-02  -1.78044457e-02  -1.61525067e-02   1.41235776e-02
    2.93221902e-02   1.08643454e-02  -3.77777009e-03  -9.10995342e-03
   -1.73871405e-02   2.57629436e-02  -1.38508657e-03   5.67123182e-02
   -2.48163044e-02   2.19736248e-03   2.02272506e-03  -2.49272282e-03]
 [ -4.95019779e-02  -1.80593673e-02  -1.86004061e-02   1.23704067e-02
    2.72085462e-02   1.32849347e-03  -7.19194824e-04  -8.06042179e-03
   -2.11891476e-02   2.06577890e-02   3.16852634e-03   4.41509262e-02
   -4.14437167e-02   1.54871801e-02   1.79846529e-02  -5.04536880e-03]
 [ -4.65025418e-02  -1.73687544e-02  -1.95286572e-02   1.36502730e-02
    2.61420663e-02   2.43219850e-03   3.22055304e-03  -1.24267302e-03
   -2.60572284e-02   1.52570782e-02   3.04135261e-04   5.39051779e-02
   -3.32782567e-02   1.00545846e-02   1.02679916e-02  -7.23315217e-03]
 [ -4.76960279e-02  -2.06220057e-02  -1.23667195e-02   1.09089511e-02
    2.57218089e-02  -1.67209154e-03  -2.66797986e-04  -5.45918476e-03
   -2.06597671e-02   1.79612488e-02   2.57019908e-03   3.78197804e-02
   -4.20985334e-02   2.14751475e-02   2.19208002e-02  -5.10505354e-03]
 [ -4.67776433e-02  -1.65099204e-02  -2.20290609e-02   1.33602452e-02
    2.55528782e-02  -1.35455293e-05   4.00986662e-03  -1.77172327e-03
   -2.73012687e-02   1.42530696e-02   2.11736211e-03   5.08441553e-02
   -3.86525765e-02   1.28636668e-02   1.45867579e-02  -8.01503193e-03]
 [ -4.75558378e-02  -1.77290607e-02  -1.81984566e-02   1.26664797e-02
    2.64002942e-02   1.81173079e-03   7.42903620e-04  -5.25721302e-03
   -2.25605983e-02   1.83247961e-02   1.90926553e-03   4.71214168e-02
   -3.73171158e-02   1.32158529e-02   1.46038011e-02  -5.77402860e-03]
 [ -4.87213619e-02  -2.02046800e-02  -1.27215702e-02   1.10284416e-02
    2.67810617e-02   7.75892695e-04  -2.47260323e-03  -8.71282350e-03
   -1.79650784e-02   2.15704218e-02   2.65052821e-03   3.83139551e-02
   -4.06803191e-02   1.89008247e-02   1.99279189e-02  -3.68420361e-03]
 [  7.48544782e-02  -5.63774370e-02   1.49845019e-01   1.37543127e-01
   -2.92064957e-02  -2.19151258e-01  -1.20330341e-01   3.15685093e-01
    1.21189073e-01  -4.13508229e-02   2.32251864e-02   2.99502850e-01
   -1.80598751e-01   2.01871857e-01  -2.71494776e-01   6.63291616e-03]
 [  1.54393569e-01   7.92770758e-02   1.05882630e-01   8.13493691e-03
    1.52441068e-02  -2.51411851e-02  -7.33450949e-02   8.63610506e-02
   -1.76702097e-01  -1.08689897e-01   2.48248160e-01   3.09311990e-02
    1.70334727e-02   1.98958024e-01  -5.34473360e-01  -1.26991883e-01]
 [ -9.88387316e-02  -2.52563059e-01   8.67676921e-04   1.63813611e-03
   -1.48880836e-02   9.28289667e-02   2.15464961e-02  -3.94218892e-01
   -2.26262853e-01   5.29667139e-01   1.55382067e-01  -7.05970600e-02
   -4.77423072e-02   9.06413654e-04   2.68169655e-03  -9.35865119e-02]
 [  2.40337864e-01  -1.09450400e-01   6.67569339e-02  -1.35317579e-01
   -3.01682383e-01  -1.07716650e-01   3.54016006e-01  -3.35839868e-01
   -8.68965983e-02   3.09583187e-01   2.83523232e-01  -8.11039358e-02
   -2.38984451e-01   2.64302325e-02   1.36187136e-01  -1.32546891e-02]
 [  1.36571303e-01  -2.71387976e-02  -9.25033987e-02  -5.53248301e-02
   -4.93797436e-02   5.34214415e-02  -7.36009255e-02  -6.65573729e-03
    2.03725740e-01   1.69991344e-01   3.11862845e-02  -1.62167344e-02
    4.09496456e-01  -1.67251587e-01  -7.93070421e-02   1.01538040e-01]
 [  1.56573191e-01   1.29619911e-01  -1.37049124e-01   2.10885957e-01
   -6.57701492e-02  -2.76346505e-01   1.33032292e-01   5.22049442e-02
    5.43727040e-01  -1.96549855e-02   1.66668952e-01   1.34550974e-01
    9.86207351e-02   2.20979471e-02   2.99817473e-01  -7.95768797e-02]
 [ -2.26818547e-01  -1.54012322e-01  -7.29413405e-02  -2.84800619e-01
    5.68803512e-02  -2.96831071e-01   4.63465927e-03  -1.89372152e-01
   -2.26524249e-01   9.49399769e-02   9.90062356e-02   1.74391299e-01
   -3.12784091e-02   3.11710685e-01  -1.85924500e-01  -3.15349340e-01]
 [ -2.80486554e-01  -2.02167690e-01   8.48036201e-04  -4.71034274e-03
   -3.91173031e-04   1.26379924e-02  -8.65084231e-02  -1.79885522e-01
   -1.68485984e-01  -3.09341997e-02   4.60889041e-01   8.26145038e-02
   -1.14611998e-01   7.50788115e-03  -1.97443180e-03  -3.27892840e-01]
 [  6.24978729e-02  -2.81429648e-01   2.63631158e-02  -2.64172673e-01
   -6.60787299e-02  -2.29964554e-01  -1.56526998e-01  -8.07340071e-02
   -8.80293772e-02   3.74940723e-01  -2.06026182e-01   3.19840759e-01
   -2.32734710e-01   2.90234089e-01   2.30584994e-01   7.08917752e-02]
 [  1.71488702e-01  -8.12292323e-02   7.52832741e-02   7.66752008e-03
    8.85384679e-02  -2.91861564e-01  -2.19162684e-02  -4.92001660e-02
    1.48750143e-02   1.94125757e-01   1.10998094e-01   2.22185224e-01
   -4.77881134e-02  -6.27360418e-02   1.63037691e-03   3.40653837e-01]
 [  1.07557908e-01   5.73861506e-03   1.48136672e-02   3.58043499e-02
    2.55747065e-02  -6.65396377e-02  -1.88076645e-02  -7.94649571e-02
    1.91425700e-02   4.19857442e-01  -3.45169986e-03   8.27174336e-02
   -4.97918651e-02   1.57591570e-02  -3.75542752e-02   2.68946216e-02]
 [ -1.79501489e-01   1.87392414e-01  -3.42002884e-02  -2.37564385e-01
   -6.21606037e-02  -3.09292246e-02   6.49757743e-01  -1.21599995e-01
   -9.90689993e-02   3.06187510e-01  -6.94940463e-02   1.93415046e-01
    9.48572308e-02   1.02155566e-01   1.76411849e-02  -2.08821714e-01]
 [  4.44269359e-01   1.11534864e-01   2.77662218e-01  -3.26522142e-01
   -5.03426529e-02  -1.76987365e-01   2.60227889e-01  -3.46626416e-02
   -1.68201700e-01   1.57564022e-02  -5.11762761e-02  -6.93014413e-02
    2.25510951e-02  -1.13589801e-01  -3.49059016e-01  -3.67128402e-01]
 [  1.25548497e-01  -3.82509716e-02   6.73789263e-01  -1.30118772e-01
   -1.20707318e-01  -2.82106847e-02  -1.15170941e-01  -1.05563484e-01
    8.48683268e-02   6.32625520e-02   1.30062833e-01  -5.04578315e-02
   -3.74017715e-01   2.55099058e-01  -5.34476079e-02  -1.94982216e-01]
 [ -1.09224841e-01  -1.96351215e-01  -2.37898186e-01  -2.26013482e-01
   -2.66313236e-02  -4.83807713e-01   1.42908260e-01   8.06452855e-02
   -5.65685220e-02  -2.49985099e-01  -1.08555198e-01   3.31485331e-01
   -4.51372340e-02   1.66799828e-01   1.03397675e-01  -2.05243602e-01]
 [  2.14096785e-01   2.50168741e-01   6.80144951e-02  -1.68696523e-01
   -5.92958212e-01  -2.13352472e-01   1.21962287e-01  -1.51323259e-01
    2.22279150e-02   4.29824799e-01   1.50477603e-01  -2.02079207e-01
    1.35353595e-01   1.27636224e-01   1.23207219e-01   2.14768961e-01]]
Bob
[[ -5.24211824e-02   4.19037007e-02  -9.90750343e-02   3.91342714e-02
    7.82861188e-03   5.61428592e-02  -2.82270890e-02  -1.23998612e-01
   -2.26526503e-02   4.18161117e-02  -1.20522100e-02   7.18139252e-03
    2.95150094e-02  -3.79977562e-02   2.27826945e-02   4.43442464e-02]
 [ -1.20651657e-02   5.34378998e-02  -1.11789301e-01   4.14183140e-02
    4.53770161e-02   5.42007126e-02   6.70749620e-02  -1.29112989e-01
   -1.94946732e-02   2.06672009e-02   1.66890398e-02   8.39693751e-03
    3.17603275e-02  -7.79753029e-02   9.49675683e-03   3.11749335e-02]
 [ -3.01330481e-02   5.95773757e-02  -1.34228885e-01   7.19252452e-02
    8.08978453e-02   2.55431533e-02   1.60738640e-03  -1.47665620e-01
   -4.45757806e-02  -2.65464187e-02  -1.95397642e-02   2.83792987e-02
    9.11250338e-02  -6.97507933e-02   3.30623761e-02   2.11026464e-02]
 [ -4.68521304e-02   3.06335315e-02  -9.00330171e-02   3.69437784e-02
    1.49567565e-02   4.50657196e-02  -7.25915357e-02  -1.06123582e-01
   -3.57518978e-02   7.48884007e-02  -5.79631887e-02  -1.56805031e-02
    2.82714684e-02  -1.48745626e-02   5.29142991e-02   1.31248338e-02]
 [ -4.49344292e-02   6.05034344e-02  -1.03282794e-01   5.42548820e-02
    4.41784114e-02   9.21197832e-02   1.33488532e-02  -1.73507497e-01
    1.56163545e-02   4.51398976e-02  -9.51137766e-02   1.99322570e-02
   -6.29288331e-03  -4.40124907e-02   3.63718532e-02   3.43466029e-02]
 [  4.64088283e-02   3.83801088e-02  -1.11452959e-01   1.02598980e-01
    1.68949023e-01   3.46939079e-02   3.27271670e-02  -1.33646592e-01
   -2.89083011e-02  -2.17974447e-02   2.68100165e-02   4.17345911e-02
    5.83911389e-02  -1.17707374e-02   7.55984616e-03   6.80046231e-02]
 [ -1.47710051e-02   6.27016053e-02  -1.29068032e-01   6.57881647e-02
    8.64708424e-02   6.15282580e-02   5.69194276e-03  -1.39380172e-01
   -3.23571377e-02   2.62113065e-02  -7.50690997e-02   2.70369817e-02
    8.56947675e-02  -4.42461520e-02   1.64485499e-02   3.36436592e-02]
 [ -5.68499975e-03   4.75437753e-02  -9.47044045e-02   3.93408909e-02
    4.43012193e-02   3.74596976e-02   1.95220429e-02  -1.11681640e-01
   -3.71777005e-02   3.09251510e-02  -2.63659516e-03   1.32952584e-02
    5.21156564e-02  -4.76456918e-02   5.73672936e-04   3.41644250e-02]
 [  5.31959999e-03   4.23261970e-02  -1.09527566e-01   6.59133717e-02
    9.82788429e-02   6.83776662e-02  -1.48142222e-02  -1.20543592e-01
   -4.73551154e-02   5.51369153e-02  -5.09514399e-02   3.84265296e-02
    8.85270238e-02   1.30875804e-03  -6.21571485e-03   4.95534986e-02]
 [ -1.86271109e-02   3.97952683e-02  -7.97153562e-02   6.29669428e-02
    5.17634787e-02   4.34323289e-02  -5.16564921e-02  -1.11545824e-01
   -4.10637073e-02   5.56556545e-02   4.53613736e-02  -5.73346391e-04
    6.55289292e-02  -2.11678483e-02  -1.26202460e-02   3.94086502e-02]
 [ -3.38232517e-02   7.93398991e-02  -1.03157625e-01   3.58712934e-02
    2.69514564e-02   2.36198790e-02   1.28601445e-02  -1.19490772e-01
   -1.76371709e-02   2.23998143e-03   3.51793412e-03   1.86583232e-02
    4.80615646e-02  -6.32375032e-02   1.03175100e-02   2.04489436e-02]
 [ -4.09429632e-02   5.05680889e-02  -1.19691074e-01   5.85860088e-02
    3.62461768e-02   3.08831614e-02  -4.72404510e-02  -1.41275585e-01
   -3.45690325e-02  -4.34166566e-03  -7.58167878e-02   1.30602829e-02
    5.88800423e-02  -3.97040248e-02   2.80043446e-02   8.99075344e-02]
 [ -3.22245583e-02  -4.88429032e-02  -1.19441614e-01   7.18946978e-02
    9.45932940e-02   1.97547786e-02  -1.51549838e-02  -1.08085617e-01
   -8.97013322e-02  -4.95114736e-02  -6.64421096e-02  -6.55492861e-03
    8.65508094e-02  -5.15048467e-02   9.95156467e-02  -8.03825352e-03]
 [ -5.13654575e-02   5.05337045e-02  -1.24782570e-01   3.67532820e-02
    3.36134098e-02   4.29421477e-02   2.69206706e-02  -1.47387087e-01
   -1.82430148e-02  -1.36820422e-02  -8.80069509e-02   2.82830987e-02
    2.20827572e-02  -6.42879903e-02   6.88294992e-02   1.08418511e-02]
 [ -3.77678052e-02   8.77308026e-02  -1.24444954e-01   2.65662596e-02
    2.94471402e-02   2.53514387e-02   2.30923798e-02  -1.15115769e-01
   -2.86673009e-02   1.14172604e-02  -3.13293375e-02   1.71871427e-02
    6.43098503e-02  -6.93004206e-02   2.76437514e-02  -2.99924612e-03]
 [ -1.39131080e-02   5.53043149e-02  -1.28249735e-01   4.59314361e-02
    3.78220044e-02   5.73687591e-02   2.53339335e-02  -1.35335505e-01
   -1.99461486e-02   2.56626271e-02  -2.31788717e-02   2.99301222e-02
    3.28187644e-02  -4.70528267e-02   1.23522040e-02   9.18079168e-02]
 [ -3.23624127e-02   4.01814878e-02  -7.66501799e-02   6.96613872e-03
   -2.76619028e-02  -1.26968883e-02  -5.64071387e-02  -4.73187454e-02
   -2.68440954e-02   1.98949389e-02  -2.27412600e-02   1.73807517e-02
    2.62144059e-02  -2.02950221e-02   5.25480099e-02   3.85867129e-03]
 [ -2.66949553e-02   3.29444036e-02  -7.22646788e-02   1.05154272e-02
   -2.28100419e-02  -1.11883003e-02  -5.25874868e-02  -4.99480665e-02
   -2.80015282e-02   1.73966344e-02  -1.47310551e-02   2.57253014e-02
    2.71263588e-02  -1.94658004e-02   4.68392037e-02   9.85215791e-03]
 [ -2.92117689e-02   2.41472498e-02  -7.15672448e-02   8.70684441e-03
   -1.68469511e-02  -5.12622390e-03  -4.74401861e-02  -4.48584482e-02
   -3.00425384e-02   1.40598295e-02  -1.55991381e-02   2.50860024e-02
    2.26688851e-02  -7.73641700e-03   4.96415123e-02   8.52746051e-03]
 [ -1.26975942e-02   2.47215405e-02  -5.65668680e-02   1.57332718e-02
   -1.73230600e-02  -1.23621952e-02  -4.41067331e-02  -5.13172299e-02
   -2.45107431e-02   1.41580701e-02  -1.79812501e-04   3.48334275e-02
    2.83157658e-02  -2.47913655e-02   3.01620252e-02   1.84607804e-02]
 [ -3.29926834e-02   3.68731245e-02  -7.86734447e-02   7.85971619e-03
   -2.54543498e-02  -1.07523222e-02  -5.61599880e-02  -4.87521887e-02
   -2.91724689e-02   1.89727843e-02  -2.16013659e-02   2.07110755e-02
    2.62825098e-02  -1.70847550e-02   5.41854501e-02   5.52231306e-03]
 [ -3.34284417e-02   2.69569382e-02  -7.73157626e-02   7.64576392e-03
   -1.87690109e-02  -5.02368202e-03  -5.08543625e-02  -4.57440130e-02
   -3.15917954e-02   1.53081231e-02  -1.96512006e-02   2.32763328e-02
    2.30351835e-02  -6.80454634e-03   5.50718643e-02   6.52764598e-03]
 [ -3.20793092e-02   1.68986842e-02  -7.93669969e-02   1.09901614e-02
   -1.20991440e-02  -5.15165972e-04  -4.87455055e-02  -4.97823730e-02
   -3.68797556e-02   1.23262573e-02  -1.36542311e-02   3.37094367e-02
    2.36102175e-02   1.16201802e-04   5.58629222e-02   1.26749594e-02]
 [ -2.00938247e-02   2.50938702e-02  -5.99017441e-02   1.07727880e-02
   -1.75794605e-02  -9.20456741e-03  -4.35619429e-02  -4.43547852e-02
   -2.45608948e-02   1.39232483e-02  -8.82805511e-03   2.58526467e-02
    2.38579065e-02  -1.67152397e-02   3.75211090e-02   1.13418866e-02]
 [ -2.07937509e-02   3.14987600e-02  -6.18076995e-02   1.05194896e-02
   -2.18486153e-02  -1.24713881e-02  -4.72388975e-02  -4.60803173e-02
   -2.33379193e-02   1.62792783e-02  -1.09137893e-02   2.37505846e-02
    2.57153139e-02  -2.24200450e-02   3.80850546e-02   1.01570776e-02]
 [ -2.83196867e-02   1.71120614e-02  -7.15623498e-02   1.02835009e-02
   -1.22337649e-02  -1.80976081e-03  -4.48925942e-02  -4.58289944e-02
   -3.27642411e-02   1.17745362e-02  -1.21094715e-02   3.03216130e-02
    2.20877528e-02  -2.38325843e-03   4.96840142e-02   1.16026336e-02]
 [ -1.97157692e-02   1.69652235e-02  -6.14466518e-02   1.27378516e-02
   -1.20736137e-02  -5.11480588e-03  -4.13737930e-02  -4.63764518e-02
   -2.84956023e-02   1.13630872e-02  -4.96722478e-03   3.28222811e-02
    2.35525593e-02  -1.00791743e-02   3.86237204e-02   1.52169336e-02]
 [ -2.94589084e-02   3.26846987e-02  -7.70436227e-02   1.05298180e-02
   -2.27215253e-02  -1.01947365e-02  -5.46634682e-02  -5.16641922e-02
   -3.04496121e-02   1.77084580e-02  -1.62580684e-02   2.68960875e-02
    2.75525004e-02  -1.71937253e-02   5.10280915e-02   9.86333750e-03]
 [ -9.94537864e-03   6.76797656e-03  -4.95278761e-02   1.62787698e-02
   -5.17560448e-03  -3.41059687e-03  -3.28257233e-02  -4.57684994e-02
   -2.69119926e-02   7.38412281e-03   6.20340230e-03   4.03544158e-02
    2.28782687e-02  -9.25640017e-03   2.69693639e-02   2.16806307e-02]
 [ -2.97858305e-02   3.49992141e-02  -7.47508630e-02   8.78289249e-03
   -2.42189858e-02  -1.10106245e-02  -5.39279729e-02  -4.84297313e-02
   -2.81131808e-02   1.81466937e-02  -1.85099356e-02   2.21655723e-02
    2.62825843e-02  -1.81581751e-02   5.02010658e-02   7.09752785e-03]
 [ -1.57879777e-02   3.03517804e-02  -5.66150211e-02   1.23299239e-02
   -2.10519545e-02  -1.38473744e-02  -4.51460965e-02  -4.70519476e-02
   -2.16850732e-02   1.56888068e-02  -6.15796586e-03   2.65221670e-02
    2.66713873e-02  -2.59787869e-02   3.20480093e-02   1.29247131e-02]
 [ -1.81703921e-02   2.56061293e-02  -6.22802041e-02   1.37326736e-02
   -1.79626755e-02  -1.06372610e-02  -4.61738743e-02  -5.01581617e-02
   -2.63875574e-02   1.45869721e-02  -5.34105441e-03   3.19095589e-02
    2.71517579e-02  -2.04354934e-02   3.67415659e-02   1.54097248e-02]
 [ -4.26491618e-01  -6.91203109e-04   1.05544649e-01   5.45525849e-01
   -1.62228540e-01  -3.94736618e-01  -8.33485369e-03  -3.08437180e-03
   -3.84293348e-01   4.21333730e-01  -5.01745105e-01  -6.50425255e-02
    6.20978475e-01  -1.57355482e-03   1.19817266e-02   1.52209066e-02]
 [ -3.00995737e-01   2.47561671e-02   5.24992496e-02  -3.70467417e-02
   -1.22653507e-01  -1.63624346e-01  -2.96431810e-01   1.61768928e-01
   -2.60151803e-01   1.54331326e-01  -2.80097157e-01  -2.25043461e-01
    5.14212549e-02  -2.57517546e-01   2.12213174e-01  -2.34480903e-01]
 [  4.37617907e-03   3.15294825e-02   1.89327002e-02   2.74920017e-01
   -1.70923963e-01  -1.77841932e-01   1.69265494e-01   1.99763536e-01
    8.33217427e-02  -1.13587780e-02  -2.55532920e-01   1.77785736e-02
   -4.19526733e-02   6.79692507e-01   2.65901238e-01  -1.67531982e-01]
 [  8.75080153e-02  -6.95179552e-02  -6.72206506e-02  -8.54132622e-02
   -1.52013868e-01  -9.70122218e-02   3.81498374e-02   4.38193753e-02
   -2.55816907e-01  -2.31300130e-01   6.14021830e-02  -2.14872621e-02
    2.44428456e-01   1.78212859e-02   1.16061881e-01   9.93404835e-02]
 [ -7.97093660e-02   6.05611578e-02   1.11053348e-01  -1.28449872e-01
   -1.93645507e-01  -3.24888051e-01   1.37876077e-02   2.01798201e-01
   -1.40185326e-01  -1.00206465e-01   1.33669496e-01   2.06195433e-02
   -2.72128582e-01   2.48786211e-02   3.46845269e-01  -4.92309153e-01]
 [ -1.58847943e-01  -2.10965008e-01  -4.16866243e-01  -7.94266760e-02
    6.12436533e-02   5.64653836e-02  -2.24269822e-01   8.03397596e-02
   -1.09256044e-01   1.08864874e-01  -3.11460465e-01   2.57389694e-02
   -1.13790995e-02   1.24418594e-01  -2.22577095e-01   1.67017341e-01]
 [  8.29774439e-02   1.61342998e-03   2.59056985e-01  -3.12784053e-02
   -1.96823418e-01  -2.24915147e-01  -8.28877091e-02   1.64527278e-02
    2.21619252e-02   4.16922271e-02   6.94679245e-02  -3.22154492e-01
    2.21691847e-01   3.92595567e-02  -8.67074728e-02   7.29820430e-02]
 [  2.95451373e-01  -2.31574178e-01  -2.14069500e-03   3.02385479e-01
   -1.69707075e-01   2.40130186e-01  -6.80359006e-02   1.62176847e-01
   -9.13550183e-02   6.28391877e-02   2.68494606e-01  -4.08528149e-01
   -1.22039564e-01   7.33183622e-02  -2.12566793e-01  -1.46276489e-01]
 [ -3.56092304e-01  -8.75572041e-02  -1.33317307e-01   3.34221013e-02
   -2.50978172e-01  -6.57939136e-01  -2.14431390e-01   1.75205946e-01
    6.95217475e-02   3.75240177e-01  -3.29458773e-01   8.77936184e-02
    2.46147335e-01   1.03084825e-01  -9.51500311e-02   7.23986402e-02]
 [ -1.04038270e-04   4.22696103e-05   1.52711073e-04   4.24502447e-04
   -9.32485782e-05  -7.58176029e-05   4.25106191e-05  -1.78604882e-04
   -7.08551379e-05   7.97670218e-04  -9.68052133e-04   6.52053632e-06
    1.28104526e-04   8.98917788e-05  -1.14395465e-04   8.13296574e-05]
 [  9.34758633e-02  -2.21834076e-03  -3.38969417e-02   9.59145874e-02
   -1.16306208e-01  -1.82264209e-01   2.22169206e-01  -2.08120286e-01
    3.79137844e-01   1.58359706e-01   7.42031708e-02   1.22630045e-01
    1.90488890e-01   1.46890745e-01  -2.77165473e-01   8.12374204e-02]
 [ -8.19408000e-02   1.79150049e-03   1.02779120e-01   1.77990720e-02
   -4.78301197e-02  -1.44749075e-01   1.14644103e-01   2.16603442e-03
   -2.56296754e-01   2.60830313e-01   7.84441903e-02  -2.41333954e-02
   -1.89521223e-01   1.02678053e-01   7.25198090e-01  -6.16158061e-02]
 [  1.66159257e-01  -1.15535922e-01   8.48225132e-02   1.18879572e-01
   -5.27765453e-01  -1.30096674e-01  -9.60493907e-02  -6.56393319e-02
   -1.39782280e-01  -8.42488650e-03   1.19524129e-01   4.57632393e-02
   -2.91726366e-03   1.04207225e-01   1.15884459e-02  -1.65153407e-02]
 [ -1.77733019e-01  -2.27612630e-01  -4.12775092e-02  -9.07244682e-02
   -3.10467370e-02  -2.10424170e-01  -2.97052056e-01   3.60192992e-02
   -9.05686542e-02  -4.70925309e-02  -1.57177716e-01   3.04998495e-02
   -1.28089130e-01  -1.31987393e-01  -9.29840207e-02  -2.42914081e-01]
 [  3.11274379e-02  -5.44289649e-01  -2.00988606e-01  -5.89731857e-02
   -4.65356141e-01   1.28471062e-01  -3.05897802e-01  -1.04687445e-01
    2.15191305e-01   2.93772876e-01   6.92586079e-02  -6.09154962e-02
   -2.02938989e-01   6.03726460e-03   1.42689263e-02   1.18596375e-01]
 [ -1.52439073e-01  -2.06318609e-02  -4.55422215e-02   5.61623238e-02
   -1.11399524e-01  -2.35878259e-01  -6.88732564e-02   6.49199858e-02
    9.65329260e-02  -2.86830783e-01  -6.07863367e-02   2.76236683e-02
    1.18016534e-01   1.36451432e-02   1.94309890e-01   1.98459346e-02]]
Eve
[[  3.78164509e-03   7.49863908e-02  -3.56284082e-02   3.58524248e-02
   -8.63588303e-02  -1.05198450e-01  -1.20425016e-01  -5.33728153e-02
    7.44722178e-03   1.14256240e-01   8.64814520e-02   7.25838530e-04
   -1.36787951e-01  -1.88505858e-01  -2.63169147e-02  -1.04542196e-01]
 [  8.63944665e-02   9.21180174e-02  -1.33023486e-01   1.38833493e-01
   -6.35963753e-02  -1.49103580e-02  -8.38680789e-02  -1.42291605e-01
    7.69157857e-02   1.73741221e-01   2.02047780e-01   1.56856701e-01
   -1.32455349e-01  -4.55751508e-01  -7.73088560e-02  -2.08892196e-01]
 [  2.38257889e-02   8.06941614e-02  -8.55171159e-02   3.61525081e-02
    5.47283925e-02  -3.97889353e-02  -9.02290568e-02  -4.57423814e-02
    7.54718035e-02  -6.03067735e-03   1.12243950e-01   6.13055415e-02
    1.27154678e-01  -2.90063024e-01  -3.91704775e-02  -6.64653480e-02]
 [ -1.16639575e-02   7.98687264e-02   1.29147945e-02  -1.31063433e-02
   -2.91001685e-02  -1.29849836e-01  -1.45279035e-01  -9.82400998e-02
   -9.98189207e-04   2.02586185e-02   3.15798186e-02  -3.59273627e-02
   -1.27484417e-02  -3.72909978e-02   3.20404209e-02  -1.00998379e-01]
 [  2.34302375e-02   1.02123156e-01  -9.98854637e-02  -2.72099730e-02
   -1.14046723e-01  -1.38347775e-01  -7.23642930e-02  -1.45950124e-01
    1.42851500e-02  -4.92564589e-02   7.78943375e-02   1.10539719e-01
   -1.82785004e-01  -3.65951151e-01  -9.95085761e-02  -1.40558511e-01]
 [  1.90150857e-01   1.44677565e-01  -1.91315599e-02   1.79369465e-01
   -1.63804311e-02  -4.31008358e-03  -1.46378487e-01  -2.23265499e-01
    1.91244230e-01   5.93243800e-02   9.09265876e-02   1.52275398e-01
    2.98748791e-01  -2.51651943e-01  -1.63612381e-01  -1.69756666e-01]
 [ -9.24334861e-03   1.06091835e-01  -2.66714487e-02   8.36936086e-02
    2.82297377e-02  -5.94469048e-02  -9.51466560e-02  -1.24155968e-01
    6.57794401e-02  -1.77364692e-01   1.12217203e-01   4.65461286e-03
    9.64733958e-02  -2.74201006e-01  -1.13944344e-01  -1.45298049e-01]
 [  4.54076193e-02   7.49188140e-02  -3.15522701e-02   1.02685757e-01
   -1.92676540e-02  -4.26124111e-02  -9.65762362e-02  -1.20403580e-01
    7.07877949e-02   4.15327996e-02   1.65820524e-01   2.32664999e-02
   -1.43338777e-02  -2.72352338e-01  -8.44118223e-02  -1.56046644e-01]
 [ -2.19663838e-03   1.14484258e-01   7.18080848e-02   1.25358596e-01
    5.52056991e-02  -7.71686211e-02  -1.16323404e-01  -1.58811584e-01
    7.69866109e-02  -1.78316563e-01   1.13684997e-01  -9.96098891e-02
    1.67451903e-01  -1.48976803e-01  -1.64478466e-01  -1.65515333e-01]
 [  4.01289389e-02   1.05656058e-01   4.63495702e-02   9.55905169e-02
    3.50871570e-02  -1.22266293e-01  -1.75307184e-01  -8.93912390e-02
    6.49580657e-02   1.91834629e-01   1.02549739e-01  -9.34124514e-02
    9.78154466e-02  -6.53970763e-02  -7.30075389e-02  -1.24604695e-01]
 [  4.90890145e-02   5.67037836e-02  -5.76559417e-02   6.61777556e-02
    1.99802569e-03  -3.97029892e-02  -3.86584662e-02  -5.57183176e-02
    5.53294756e-02   1.08121648e-01   1.37524843e-01   3.90562639e-02
   -2.75783576e-02  -3.17663461e-01  -1.14319153e-01  -8.39854255e-02]
 [ -1.03980526e-02   7.20495507e-02   2.82540172e-03   2.40900880e-03
   -1.95925355e-01  -9.98797715e-02  -1.85323253e-01  -3.78584713e-02
    4.62150387e-02  -1.60027832e-01   4.58525419e-02  -1.12516258e-03
   -2.29115095e-02  -1.27001405e-01  -1.26398094e-02  -4.68082167e-02]
 [ -6.92802742e-02   5.92852756e-02  -1.56529561e-01  -1.07947372e-01
    3.30120176e-02  -2.44967174e-02  -1.77872598e-01   3.93675454e-03
    1.88835338e-02  -1.48980394e-01   2.07836535e-02   1.38795212e-01
    1.74048394e-01  -1.05908602e-01   2.85467178e-01  -2.21082363e-02]
 [  7.71258073e-03   4.59083989e-02  -1.46080986e-01  -5.00141717e-02
   -6.29678294e-02  -4.17894833e-02  -2.05399729e-02  -6.50499240e-02
    1.36144217e-02  -8.72715190e-02   9.12433863e-02   1.53479442e-01
   -1.22867547e-01  -3.82219464e-01  -4.81612282e-03  -6.63980916e-02]
 [  2.33817231e-02   5.40580079e-02  -6.71917051e-02   7.98999965e-02
    5.78268655e-02  -1.17846634e-02  -6.80809282e-03  -7.30722621e-02
    4.84566502e-02   1.77750494e-02   1.58862978e-01   3.90850306e-02
   -1.54819700e-03  -3.71137261e-01  -1.13490373e-01  -1.08461522e-01]
 [  6.50234148e-02   9.27969664e-02  -4.76972684e-02   1.48210764e-01
   -2.03584045e-01  -2.85983142e-02  -1.23744853e-01  -1.37929738e-01
    7.21770972e-02   4.55418648e-03   1.34615362e-01   1.01896442e-01
   -1.49676457e-01  -3.29268605e-01  -1.09615289e-01  -1.85534135e-01]
 [  2.27626532e-01   1.28285050e+00   1.10404164e-01   1.10841668e+00
    4.20936644e-02  -4.66161400e-01  -2.17947308e-02  -3.59527856e-01
    5.68233728e-01   4.59603518e-01   8.82531404e-01   2.16615811e-01
   -3.02778512e-01  -9.23983335e-01   6.97740391e-02  -6.17983818e-01]
 [  6.64675474e-01  -1.37295797e-01  -2.28749499e-01   4.34670240e-01
    2.91009173e-02  -1.54467121e-01  -1.25537843e-01  -5.99353015e-02
    5.00498479e-03   2.48296589e-01   2.44682327e-01   3.69693160e-01
   -1.95457246e-02   2.04806596e-01   1.43674850e-01   9.03173313e-02]
 [  1.11997411e-01   5.22230387e-01   1.18583703e+00   2.62476414e-01
   -2.18914598e-02   6.30242079e-02   1.10401459e-01  -1.27609879e-01
    3.00647765e-01  -2.27231998e-02  -3.48595738e-01   5.58354497e-01
   -7.72184372e-01  -3.28491628e-01   9.14212242e-02  -6.02823943e-02]
 [ -5.60673736e-02   1.03978097e-01  -1.19033597e-01   9.66791005e-04
    1.74727589e-02  -1.41668364e-01   2.07186397e-02  -1.37012705e-01
    1.17928617e-01   2.74029840e-02  -1.64312214e-01  -1.36970118e-01
   -2.75895894e-02  -2.95998156e-02  -4.85318564e-02   1.06601052e-01]
 [  7.58557379e-01   7.07323253e-02   1.61862478e-01   6.23783171e-01
    7.73108065e-01  -2.66721159e-01  -1.22592136e-01  -2.83155024e-01
    2.31886834e-01   7.47351646e-01   1.36891097e-01   1.02984512e+00
   -4.48285937e-01  -1.53907195e-01   3.20410132e-01  -1.83807597e-01]
 [ -1.35159463e-01  -6.58578277e-02   2.04056278e-01  -8.92004222e-02
   -1.97570294e-01   4.45692658e-01   2.66191866e-02   2.46154830e-01
    5.63454404e-02  -4.03194606e-01   4.14346233e-02  -6.00964546e-01
   -1.19671281e-02   4.16929513e-01   2.86873430e-01   2.20170673e-02]
 [  2.21475601e-01   2.12779477e-01  -1.61248267e-01   3.95810716e-02
    1.77013457e-01  -1.26634344e-01  -5.78512013e-01  -5.85754573e-01
   -2.43245363e-01   6.46027863e-01   1.05620243e-01  -1.69662654e-01
    2.49135688e-01  -1.05634883e-01  -1.52408471e-02   2.46145085e-01]
 [  7.04352379e-01   2.11657017e-01   2.21158907e-01   2.63618499e-01
    3.54518086e-01  -5.74527502e-01  -6.31558537e-01  -8.06810081e-01
   -5.63811600e-01   1.06856489e+00   4.24057432e-02  -1.95682436e-01
   -2.92414516e-01  -5.06947458e-01   2.22863834e-02   1.81036785e-01]
 [  4.40014862e-02   1.11291409e-01   4.06398922e-01   4.34855372e-01
    5.32067195e-02   4.76647854e-01   4.07485545e-01   3.54703575e-01
    5.32806993e-01  -2.15889752e-01  -1.18354097e-01   2.64737487e-01
   -2.54215319e-02  -7.22727878e-03   2.16820955e-01  -1.83929309e-01]
 [  6.44371659e-03   3.19131166e-02  -1.39525412e-02  -1.05477040e-04
   -8.16611759e-03  -1.87015347e-02  -4.96153859e-03  -4.60470729e-02
    1.43582104e-02  -4.05906849e-02   2.61707176e-02  -3.39067616e-02
   -7.85529464e-02   2.36028805e-02   8.80630314e-03  -3.24663334e-02]
 [  1.37698382e-01   1.22842610e-01   5.43479264e-01  -3.05437624e-01
   -1.88695461e-01   3.05039763e-01   2.92913496e-01  -2.06467360e-01
    2.75789827e-01  -1.61238477e-01  -3.60564053e-01  -5.93539357e-01
   -2.86592543e-01   2.97334373e-01   4.19770300e-01  -2.34792173e-01]
 [  9.77230370e-01   7.37300813e-02   1.66049540e-01   5.62385917e-01
    5.20325780e-01  -5.62141001e-01  -5.02354167e-02  -2.14307159e-01
    6.99626923e-01   4.76116896e-01   5.96555233e-01   1.28528774e+00
   -2.68926799e-01  -5.03314435e-01  -3.29826087e-01  -3.44400257e-01]
 [  4.70211178e-01   2.23364025e-01   1.41359538e-01   1.45718619e-01
    1.45090014e-01  -3.36896703e-02   1.58729721e-02  -2.79043853e-01
    3.37020606e-01   3.24788272e-01   1.27792791e-01   6.23969994e-02
   -8.69261742e-01   3.23627293e-01   4.16043311e-01  -1.93349361e-01]
 [  3.03627223e-01  -1.49593815e-01  -3.94313961e-01   5.18384054e-02
    2.98661500e-01   1.25580847e-01   4.00223434e-02   2.74427205e-01
    2.73687959e-01  -7.21776916e-04   1.46287665e-01  -7.66286924e-02
   -9.00520623e-01   4.02639270e-01   5.57643235e-01  -2.56155461e-01]
 [  4.17144984e-01  -9.34116691e-02   6.93646967e-02   2.43430421e-01
    9.75018144e-02   1.92306325e-01  -6.00341558e-02  -3.95655096e-01
    1.48137569e-01   1.03188597e-01  -1.15057498e-01  -2.35079974e-01
   -7.52439916e-01   3.22519690e-01   7.65941322e-01  -7.48335123e-02]
 [ -1.29758745e-01  -3.13791521e-02   7.25574419e-02  -2.84845591e-01
   -5.21025360e-02   1.75579324e-01   1.06331080e-01   5.64616203e-01
    4.51349378e-01  -4.65036571e-01  -1.07325971e-01   2.64730781e-01
    1.98313296e-01   2.92459249e-01   2.76258346e-02  -2.39245281e-01]
 [  3.64556700e-01   1.54021485e-02   3.10548693e-01   1.08333834e-01
    7.02516809e-02   4.05688256e-01  -2.17689604e-01   1.67400196e-01
   -6.69141533e-03  -2.57182866e-01   5.62850237e-01   8.17444146e-01
   -2.70091295e-01   1.44939363e-01  -3.92187566e-01  -2.16352329e-01]
 [ -8.38304311e-02   3.33498940e-02  -4.04824436e-01   5.10552861e-02
    2.97962964e-01   3.35483909e-01  -2.50855535e-01   1.11339450e-01
    3.11046630e-01  -3.34069282e-01  -1.38627201e-01   1.66807979e-01
   -2.43348271e-01   3.04708540e-01  -5.45382917e-01  -2.07784921e-01]
 [  8.06407750e-01   4.86944288e-01  -7.76486471e-02   1.10068166e+00
    8.64533894e-03  -1.21248198e+00   2.11169064e-01  -9.22996998e-01
    6.82815015e-01   8.70637178e-01   4.66814399e-01   2.20037758e-01
   -3.79801035e-01  -8.70271266e-01   2.48513333e-02  -5.48171818e-01]
 [ -6.64789453e-02   4.54490215e-01  -4.96512577e-02  -4.10807997e-01
   -7.52299547e-01  -6.89650839e-03   4.69411135e-01  -3.64002705e-01
   -8.67031887e-02   4.32332367e-01   1.62271932e-01  -2.32250839e-01
    1.48557618e-01  -1.52838975e-01   1.13689579e-01   1.24941349e-01]
 [ -1.14170484e-01   8.88873339e-02   8.33807290e-02   1.27400562e-01
   -3.51919904e-02   4.29763980e-02   3.91644575e-02   6.36657253e-02
    4.19720486e-02   1.09984830e-01   1.30317304e-02   2.16580257e-02
    2.94425219e-01  -2.34185323e-01   7.45120691e-04   1.01689160e-01]
 [  3.84004205e-01  -7.70057514e-02   5.30406177e-01  -6.32194355e-02
   -4.69198897e-02   6.69330657e-02   2.52870977e-01   1.05285242e-01
   -6.13434553e-01   8.34225938e-02  -8.03723931e-03   1.90855712e-01
    3.98313731e-01  -1.71966776e-01   3.98148149e-01   1.01921178e-01]
 [  2.18785822e-01   1.15219727e-01  -2.11811453e-01  -1.48761541e-01
   -1.06411360e-01  -2.63885885e-01   4.68821943e-01  -1.72651827e-01
    3.84245396e-01   3.26095402e-01   2.48136714e-01   7.47000158e-01
   -4.89758044e-01   1.53944135e-01  -5.29361784e-01  -4.11132038e-01]
 [  3.74217689e-01  -4.42472473e-02   5.01737595e-02   4.92815584e-01
   -5.21025695e-02  -9.76326585e-01  -1.70591354e-01  -5.41933954e-01
    1.09481320e-01   4.46500301e-01  -8.91302014e-04   1.07383788e-01
   -2.64524788e-01  -7.37748146e-01  -8.92956648e-03  -1.96235001e-01]
 [ -8.12648609e-03   2.15565860e-01   6.83090761e-02  -5.05563058e-02
   -1.36789173e-01   2.13917360e-01   5.29013872e-01  -1.64488703e-01
    2.25019187e-01   4.01066303e-01   6.00195050e-01   8.68941545e-01
   -1.56731337e-01  -2.34273318e-02   2.69903332e-01   6.98040724e-02]
 [ -1.70751840e-01  -1.21920392e-01  -4.03472483e-01  -2.34049708e-01
    4.28835936e-02  -1.66116968e-01  -2.96342317e-02   6.10092282e-02
    1.30087867e-01   3.08504533e-02   5.05906763e-03   3.88854556e-02
   -4.82917875e-01   4.84764054e-02  -2.17151523e-01  -5.44424728e-02]
 [  1.42391279e-01   1.12031838e-02  -1.07228458e-01   2.96486050e-01
    1.40881494e-01  -9.34450254e-02  -1.07799478e-01  -4.95712012e-02
    1.34158030e-01   1.70874909e-01   7.53847212e-02   3.51206869e-01
   -1.26949579e-01  -1.63346425e-01  -1.56037569e-01  -1.01190232e-01]
 [  5.27846105e-02   4.48007196e-01  -5.86236939e-02  -3.38934779e-01
   -5.86250365e-01  -3.16863865e-01   9.42723632e-01  -5.07810652e-01
    2.97608584e-01   8.14669132e-01   5.02022326e-01   3.26712430e-01
   -1.34414807e-01  -1.32647708e-01   3.35758597e-01  -3.82907033e-01]
 [ -3.19871694e-01   3.20144631e-02  -3.95823538e-01   1.18078977e-01
   -1.59240752e-01   1.34532318e-01   1.31961420e-01  -1.00082971e-01
   -2.90019661e-02   3.67764026e-01   2.12332875e-01  -1.15295008e-01
   -7.29330778e-02   2.03145072e-02  -3.71361226e-01  -3.91236633e-01]
 [ -2.49101654e-01   2.74535716e-01  -9.51041043e-01  -3.72295648e-01
   -2.27279395e-01  -1.48796454e-01   6.39789831e-03  -4.33111012e-01
    4.85365421e-01   2.43604943e-01  -1.42362252e-01  -2.30703235e-01
   -4.73001510e-01   1.37065262e-01  -6.58125043e-01  -2.73711920e-01]
 [  1.82308823e-01   3.19715500e-01   3.29615623e-01   2.35065460e-01
    9.34341475e-02   4.51139539e-01   6.49034381e-02   1.83431059e-01
    2.43534848e-01  -1.78551584e-01   5.49222529e-01   6.30336881e-01
   -2.23783195e-01  -1.26902284e-02  -3.80620062e-02  -4.46283787e-01]
 [ -2.19153464e-02   2.31659934e-01  -1.19473457e-01  -2.01770470e-01
   -2.07073763e-01  -1.63662136e-02   6.25245392e-01  -3.74490619e-01
   -7.10481871e-03   4.85357106e-01   3.64829421e-01  -1.43700719e-01
    1.71414331e-01  -1.76508874e-01   1.52781188e-01   1.15703762e-01]]