Alice
[[ -8.50877725e-04   8.89747927e-04  -6.47239445e-04 ...,  -7.18180498e-04
   -8.30010395e-04  -8.15367792e-04]
 [ -8.06553056e-04   8.57975625e-04  -6.22566033e-04 ...,  -7.07549276e-04
   -8.06806434e-04  -7.85712851e-04]
 [ -8.26997391e-04   8.74430756e-04  -6.39034552e-04 ...,  -7.12708163e-04
   -8.17355060e-04  -8.09571822e-04]
 ..., 
 [ -2.20046377e+00   2.17618585e+00  -2.08255816e+00 ...,  -1.21561866e-02
   -2.10278082e+00  -2.16456580e+00]
 [ -1.53623796e+00   1.68310106e+00  -1.62145448e+00 ...,   4.35640275e-01
   -1.46911132e+00  -1.50271833e+00]
 [ -1.39711165e+00   1.50427008e+00  -1.31164634e+00 ...,   3.38249505e-02
   -1.71597290e+00  -1.47470319e+00]]
Bob
[[ -2.33714329e-03  -1.99935702e-03  -6.75579358e-05 ...,  -5.82588837e-05
    2.76029320e-03   2.30652140e-03]
 [ -7.52900087e-04  -9.40924801e-04   1.01348991e-03 ...,  -2.49556592e-03
    7.18571828e-04   5.15475287e-04]
 [ -2.03725928e-03  -1.53658597e-03   1.40052370e-03 ...,  -1.59555615e-03
    1.66291138e-03   1.37190032e-03]
 ..., 
 [ -1.48178792e+00  -1.41447604e+00   1.63046086e+00 ...,   8.98470264e-03
    1.59587276e+00   1.36660504e+00]
 [ -1.40360570e+00  -1.26178634e+00   1.54542267e+00 ...,   4.66609485e-02
    1.67339504e+00   1.42964673e+00]
 [ -1.43872654e+00  -1.55910957e+00   1.74558878e+00 ...,  -1.33877963e-01
    1.30688739e+00   1.37636483e+00]]
Eve
[[-3.29599762  3.2851882  -3.27224588 ...,  3.06210613 -3.29068756
  -2.99476528]
 [-3.07774949  3.07935357 -3.03439498 ...,  3.04374599 -2.91160035
  -2.99873066]
 [-3.24815345  3.02860522 -2.90954185 ...,  2.88206387 -2.84053397
  -2.94032621]
 ..., 
 [-3.23670554  3.27115035 -3.27792835 ...,  3.35319018 -3.22854543
  -3.13899899]
 [-2.97501326  2.93984389 -2.85090327 ...,  2.5525589  -3.30597401
  -2.93089843]
 [-3.04307985  2.88088632 -2.85257101 ...,  2.59730029 -3.04935098
  -2.97758389]]