Alice
[[ -5.52765618e-04   2.62818718e-03   2.81008729e-03 ...,  -4.08649386e-04
    3.65693308e-03  -2.12853728e-03]
 [ -1.61088929e-02  -3.43716587e-04   9.33249321e-05 ...,  -2.62294058e-03
   -1.67941034e-04   2.79346656e-04]
 [ -9.35479242e-04   3.56612168e-03   2.00308906e-03 ...,  -2.27451455e-04
    2.74357526e-03  -2.20757793e-03]
 ..., 
 [  9.96213257e-01   1.20047557e+00   1.04393768e+00 ...,  -1.23064423e+00
    1.46125490e-02   1.35392636e-01]
 [  1.03505003e+00   1.12122142e+00   9.64618206e-01 ...,  -1.24660003e+00
   -8.73169601e-02   2.36421674e-02]
 [  1.11083508e+00   1.03790879e+00   1.26174366e+00 ...,  -1.23447716e+00
    1.00329973e-01  -1.26467541e-01]]
Bob
[[-0.00147924  0.1089187  -0.00156595 ...,  0.0014029   0.00148851
  -0.0015055 ]
 [-0.00144266  0.10787528 -0.001524   ...,  0.00137542  0.00142014
  -0.00143137]
 [-0.00142059  0.1086542  -0.0015057  ...,  0.00133586  0.00145975
  -0.00147666]
 ..., 
 [-0.97553855 -0.6619072  -0.95786345 ...,  0.96162057  0.78124094
  -0.72134191]
 [-1.30486834 -1.15752959 -1.2646991  ...,  1.3105197   1.30452156
  -1.28783298]
 [-1.17121899 -1.03198731 -1.24255526 ...,  1.15011346  1.17660761
  -1.1450783 ]]
Eve
[[ 3.33913875 -3.0476594  -3.26841712 ...,  3.14456606  0.16081913
  -0.97003806]
 [ 3.35085106 -2.96546078 -3.27292061 ...,  2.99654222  0.66733521
   0.84143651]
 [ 3.28958321 -3.07206106 -3.2850008  ...,  3.44572759  1.0251888
   1.36987591]
 ..., 
 [ 3.50595665 -3.03117967 -2.92048693 ...,  3.45583773  0.96068507
   0.88961363]
 [ 3.13249063 -3.05016732 -3.18991399 ...,  3.49606156  0.95652729
   0.97486323]
 [ 3.47651172 -3.35203052 -3.35695028 ...,  3.12876081  0.80389768
   0.86419076]]