Alice
[[ 0.02443684 -0.03316028 -0.03332985  0.02247972 -0.02088892 -0.00249198
  -0.01738581 -0.02501004]
 [-0.12705612 -0.00495695 -0.01804887 -0.06932003 -0.05738736  0.01241018
  -0.05172833 -0.0480744 ]
 [ 0.02460137 -0.03231926 -0.03244202  0.02260873 -0.02038985 -0.00277423
  -0.01724304 -0.02358888]
 [ 0.02696785 -0.00398094 -0.02699626 -0.07561184 -0.06201792 -0.01713457
  -0.01429924  0.12347925]
 [ 0.02476922 -0.03219957 -0.03208923  0.02160814 -0.01991502 -0.00258869
  -0.01685497 -0.0241361 ]
 [ 0.03390226  0.13338614  0.05810947  0.02611342 -0.04297118 -0.04605765
  -0.0268023  -0.04058771]
 [ 0.02482264 -0.03267872 -0.03237164  0.02221533 -0.01978956 -0.00273022
  -0.01740643 -0.02456342]
 [ 0.02523936  0.00445981 -0.04644006 -0.08856306  0.12263567 -0.03688265
  -0.04390908 -0.02382678]
 [ 0.21992044  0.822586   -0.71313936 -0.91798389 -0.94251424 -0.50185937
  -1.40203774 -0.89065391]
 [-0.14720702 -0.20869456 -2.05716062 -2.04228091 -1.97089052 -2.04412913
  -2.18580437 -2.21378732]
 [ 0.51969302  0.91912991 -0.58411229 -0.93131816 -0.76159757 -0.8848176
  -1.09031999 -0.54263055]
 [-0.14521278  0.05071121 -2.26612616 -2.07461166 -2.44586778 -2.3233068
  -1.82513571 -2.26252866]
 [-0.4733319  -1.04889023 -0.49000946 -0.59618771 -0.74059761 -0.60518962
  -0.09022138 -0.78295541]
 [ 0.03707561  0.07468378 -2.33664608 -2.46069694 -2.41180062 -2.43581843
  -1.7318809  -2.26252818]
 [-0.17125903  0.0502285  -2.27134633 -2.43719268 -2.12405682 -2.27166438
  -1.83411372 -2.30993462]
 [ 0.47704542 -0.09727504 -1.29078794 -0.99427807 -1.06902301 -1.2934866
  -1.89997387 -1.28891599]]
Bob
[[  1.69789959e-02   2.30663028e-02   1.90258995e-02   2.68126559e-02
    1.04045477e-02  -2.48081200e-02   2.68654786e-02   1.83568336e-02]
 [  3.43134510e-03  -8.76201466e-02  -6.60319394e-03   4.26578633e-02
    5.36140203e-02  -8.41460284e-03  -1.35051250e-01   6.31135702e-02]
 [ -1.91724696e-03  -6.36313632e-02   1.30682124e-03   5.44573776e-02
    5.39613478e-02   1.25660315e-01   5.28037064e-02  -8.23642761e-02]
 [  1.66887064e-02   2.22465079e-02   1.85801163e-02   2.59969812e-02
    1.05521921e-02  -2.44348682e-02   2.68593729e-02   1.79496668e-02]
 [ -4.25676303e-03  -8.65992606e-02   3.07060778e-03  -1.38315082e-01
    5.48783615e-02  -8.36578570e-03   4.28694114e-02   6.28414750e-02]
 [  1.70628726e-02   2.28392687e-02   1.86873265e-02   2.71694046e-02
    1.03652971e-02  -2.53613517e-02   2.71154772e-02   1.86162740e-02]
 [  1.63851883e-02   2.17953976e-02   1.82018112e-02   2.61885263e-02
    1.02525074e-02  -2.48159543e-02   2.65022069e-02   1.83710046e-02]
 [  1.66179389e-02   2.21247002e-02   1.81433335e-02   2.65670586e-02
    1.01177115e-02  -2.47402582e-02   2.62206383e-02   1.82162337e-02]
 [  2.40770054e+00  -4.56001796e-03   2.38762283e+00   2.41487479e+00
    1.76648831e+00  -5.14135897e-01   2.56055903e+00   1.91895676e+00]
 [  2.05346584e+00   2.11553704e-02   2.10881567e+00   2.15342498e+00
    1.98924959e+00   1.45216957e-01   1.99522007e+00   1.75687265e+00]
 [  1.10658920e+00  -1.20490253e+00   8.02119970e-01   6.83472574e-01
    6.08050466e-01  -2.81414986e-01   5.69989920e-01   9.22890007e-01]
 [  2.22332668e+00   1.42980829e-01   2.06922054e+00   2.06336308e+00
    1.46816814e+00   2.86309183e-01   2.21522117e+00   1.84614801e+00]
 [  2.02921700e+00   6.78249672e-02   2.09647298e+00   2.18775654e+00
    1.67896688e+00   9.60068852e-02   1.98994374e+00   1.96773195e+00]
 [  3.46849054e-01   1.14674282e+00   6.35215461e-01   7.27492154e-01
    7.92989433e-01  -6.69872761e-01   4.94248688e-01   1.24151564e+00]
 [  1.11588165e-01   3.54776621e-01   2.40235135e-01   3.09713602e-01
    6.80178463e-01   3.19578707e-01   5.59726775e-01   4.35846984e-01]
 [  2.24481225e+00   5.33848740e-02   2.23817229e+00   2.15794420e+00
    2.52288222e+00   1.90077364e-01   2.20588279e+00   2.06024933e+00]]
Eve
[[-3.28028131 -0.69719112 -3.70151782 -3.78837442 -3.47542858 -3.12453914
  -2.9629097  -3.55451775]
 [-0.90126699 -2.73817968 -3.83658552 -3.35491037 -3.219239   -3.56844306
  -3.54704952 -3.95793486]
 [-0.75748795 -2.78127789 -3.06168604 -3.30813956 -3.74250126 -3.3398242
  -4.03872347 -3.23804092]
 [ 0.14505227 -0.94534892 -3.85741544 -3.44371772 -3.82009697 -3.21846938
  -3.51696587 -3.13583851]
 [-0.23098333 -0.37955728 -3.13728285 -4.04005384 -3.24842286 -3.3885498
  -3.88368273 -3.16824293]
 [-1.78092551  2.02386093 -3.73849964 -3.32953    -3.17270017 -3.38483739
  -3.10191655 -3.22007632]
 [ 0.42391044  0.89548892 -3.54015613 -3.96249461 -3.67235017 -3.87619829
  -3.27762079 -4.0365386 ]
 [-0.41300663 -0.58158273 -3.1026485  -3.14979911 -3.51964498 -3.94821835
  -3.69817734 -3.15526366]
 [-1.65964377  0.38289389 -3.42794394 -3.83649278 -3.90454698 -3.28075671
  -3.04915094 -3.2807138 ]
 [-0.51430053 -2.51027822 -3.70849991 -3.7609098  -3.24841356 -2.99335504
  -3.3392427  -3.09072495]
 [-1.07192719  1.28652799 -3.82347822 -3.51815271 -3.7037437  -3.83623028
  -3.89422774 -3.55160213]
 [-0.71995711 -0.2113141  -3.58111024 -3.07678246 -3.6631763  -3.79715896
  -3.77077818 -3.99802136]
 [ 0.73135042 -2.57221341 -3.02322555 -3.86518049 -3.60060859 -3.90283632
  -4.00541782 -4.02749157]
 [-3.05238986 -0.79485869 -3.41776657 -3.15074158 -3.47222209 -3.91455245
  -3.28444529 -3.64817357]
 [-0.73750335 -0.22458035 -3.92912292 -3.85318708 -3.68876362 -3.88064456
  -3.51731658 -3.34799242]
 [-1.85578966 -0.69078541 -3.54149556 -3.82472968 -3.52072287 -3.19929338
  -3.93931651 -3.39897633]]