Alice
[[ -7.08092557e-07   9.70888959e-06  -3.86918291e-05   4.25070107e-01]
 [  6.77788332e-02  -9.99944568e-01   2.62824208e-01   6.27849221e-01]
 [ -4.44972320e-05  -4.89356717e-05  -7.33097258e-05   2.35880136e-01]
 [  3.60871163e-05   1.20168161e-05  -5.38272070e-05   2.30683059e-01]
 [ -9.50221784e-06   3.44920263e-05   5.42719590e-07   1.63860694e-01]
 [  9.85239421e-06   1.00002193e+00  -3.59246769e-05   5.28756976e-01]
 [ -6.85016221e-06  -1.75953228e-05  -2.80121676e-05   3.99173707e-01]
 [ -1.62996002e-06   1.00002313e+00  -3.83441256e-05   5.35014331e-01]
 [  5.24449386e-02   1.06199995e-01   3.43417376e-01   2.31765807e-01]
 [  5.33241570e-01   6.78600430e-01   5.51165938e-01   2.75560439e-01]
 [ -9.91408750e-02  -1.84755623e-01   1.11090493e+00  -9.99069363e-02]
 [  1.06799090e+00  -9.73398704e-03   1.55937582e-01  -5.23300469e-03]]
Bob
[[ -7.42124830e-05  -9.66218613e-06  -2.55093873e-05   1.61242642e-04]
 [  6.65355101e-02   1.27159297e-01  -4.60984677e-01  -1.15126061e+00]
 [ -3.03181987e-05  -1.84907203e-05   2.65509334e-05   1.38466406e-04]
 [ -8.63064561e-05   1.30485751e-05   1.71382999e-06   1.71334570e-04]
 [ -5.79828775e-05   5.44940985e-06   2.11222923e-05   5.64473085e-05]
 [ -1.31518254e-05  -3.86397551e-06   2.22533381e-05   1.26914558e-04]
 [ -7.49471874e-05  -7.85810698e-07   6.32058800e-06   3.02921835e-05]
 [ -4.83273288e-06   2.32526736e-06   9.46218279e-05   1.71389038e-05]
 [ -1.36504933e-01   1.95122929e-03  -5.00202179e-01   3.90622944e-01]
 [ -9.99984026e-01   2.26677957e-06  -5.20170361e-05  -2.19062305e-04]
 [ -2.17819497e-01  -4.84565586e-01  -1.92331374e+00   4.74668503e-01]
 [  1.52766719e-04   1.00000179e+00   4.48476603e-05  -2.67965544e-04]]
Eve
[[ -5.30197169e-04   3.86400323e-04   6.04503221e-05  -1.17541909e-01]
 [ -7.53013432e-01  -4.25444037e-01   1.66512120e+00   4.05063391e-01]
 [ -3.77732416e-04   2.24360352e-04   2.79525208e-04  -8.85695964e-02]
 [ -7.23285077e-04   2.29096055e-04   1.34824601e-04  -8.63835290e-02]
 [ -1.51526487e+00  -1.83612391e-01   3.26393902e-01  -4.28676516e-01]
 [  2.64522911e-04   3.13659692e+00   4.63120523e-05   3.75790318e-04]
 [ -8.68662715e-01   2.34186605e-01   1.60678124e+00  -9.73626412e-03]
 [ -5.24990646e-05   3.47493775e-03   1.07653887e-05  -2.67086577e+00]
 [ -9.96593475e-01  -1.14013202e-01   1.20599592e+00   1.97897665e-03]
 [ -1.11770296e+00   2.16801807e-01   1.38679016e+00  -5.64270556e-01]
 [ -1.03944850e+00   1.90358266e-01   1.46994340e+00  -3.39570194e-01]
 [ -1.82122493e+00   3.17199528e-01   5.30696273e-01  -3.80591601e-01]]