Alice
[[ -7.35471025e-02  -1.55416548e-01   7.46235773e-02  -2.29435004e-02
    1.18838675e-01  -1.72853079e-02   4.50125933e-02   3.85390744e-02
    1.30278477e-02   7.31197447e-02  -2.11711600e-02   2.21648905e-02
    9.21494365e-02  -9.73028317e-03  -2.61288993e-02  -6.54753596e-02]
 [ -2.16840282e-01  -1.02445498e-01  -8.35712184e-04  -4.74308953e-02
    1.07720211e-01  -1.71277914e-02   6.14885725e-02  -8.72819647e-02
    1.74091682e-02   1.13931008e-01  -2.02239882e-02  -2.24742025e-01
    1.27676740e-01  -1.51660023e-02   1.90049727e-02  -4.44717482e-02]
 [ -1.68633848e-01  -2.17183650e-01   3.41431238e-02  -7.73488218e-03
    1.25891611e-01   2.90422281e-03   2.72470471e-02  -3.73150930e-02
   -8.93243123e-04   4.60385159e-02  -2.52019726e-02  -7.78474882e-02
    1.17427692e-01  -8.41485671e-05   2.49980576e-02  -5.45756519e-02]
 [ -3.01906113e-02   2.53915600e-02  -1.37837511e-02  -1.84593648e-01
    1.09941475e-01  -2.01887754e-03  -2.96587795e-02  -3.66311520e-02
    1.32296933e-02   1.30241513e-01  -4.59586782e-03  -1.77024469e-01
    8.30665007e-02  -2.88133677e-02   2.29714029e-02   8.65971670e-02]
 [ -5.60095645e-02  -2.09506452e-01   2.07071826e-02  -1.17222711e-01
    1.12509117e-01   1.29678277e-02  -7.23561691e-03   1.27312588e-02
    1.15905190e-02   7.12784231e-02  -2.18488974e-03  -7.71113336e-02
    1.02001823e-01  -4.53127129e-03  -3.96826863e-02   8.27064365e-03]
 [ -8.94650891e-02  -1.01982109e-01   2.44186103e-01  -6.52701706e-02
    1.21613920e-01  -3.72755453e-02   4.99429964e-02  -3.51596773e-02
   -1.00066804e-03   1.13973290e-01  -3.54979839e-03  -2.13668291e-02
    1.04918309e-01  -3.03067788e-02  -1.18312379e-03  -4.06842157e-02]
 [ -8.02318826e-02  -2.01280400e-01   8.99798796e-02  -5.06433472e-02
    1.06571674e-01   4.80150469e-02   3.77131067e-02  -5.47302030e-02
    9.32610128e-03   9.46709737e-02  -6.09854348e-02  -3.03513333e-02
    1.03837468e-01   1.11855054e-02   2.03122422e-02  -5.44027761e-02]
 [ -8.37805718e-02   7.06418902e-02   1.53916016e-01   1.55519927e-02
    1.14083834e-01  -5.14535457e-02   9.25585479e-02  -1.80106647e-02
   -5.66177128e-04   6.89169466e-02  -5.46379797e-02   1.19436700e-02
    1.10979363e-01  -3.73287708e-03  -2.52527297e-02  -7.18580410e-02]
 [ -9.17012841e-02  -2.57575333e-01   1.11267239e-01  -5.10757789e-02
    1.22188702e-01   3.67763378e-02   6.43917546e-02  -5.45430779e-02
    1.42604541e-02   1.16516501e-01   1.22716902e-02  -3.19501683e-02
    1.18227273e-01   1.60850827e-02  -1.56815499e-02  -5.62372804e-02]
 [ -5.76910563e-02  -8.38035867e-02   6.41909987e-02  -5.20890281e-02
    1.24358959e-01  -4.42706951e-04   2.23202370e-02  -2.43729930e-02
    5.39166760e-03   8.60093981e-02  -2.03978904e-02   3.31020728e-02
    9.19884667e-02   1.59790572e-02  -1.86168738e-02  -2.14391705e-02]
 [ -9.65613723e-02  -1.65589780e-01   5.51971309e-02  -2.29346496e-03
    1.32398397e-01   5.74116372e-02   4.61624973e-02  -9.70426798e-02
    4.28581005e-03   7.13050738e-02   3.77587089e-03  -1.66579500e-01
    1.30982012e-01  -4.78818342e-02   8.79603159e-03   2.60415729e-02]
 [ -8.09506252e-02  -1.51470080e-01   1.38780642e-02  -7.14353174e-02
    1.10662408e-01   1.47307459e-02   1.01111634e-02  -4.34117988e-02
    7.82120321e-03   6.88192025e-02  -1.77495871e-02  -6.36381656e-02
    9.95990783e-02  -7.58945011e-04   1.24515519e-02  -1.76134724e-02]
 [ -9.58194137e-02  -1.66229829e-01   1.75479371e-02  -5.91390729e-02
    1.41618714e-01   3.99880903e-03   1.83369033e-03  -8.37967638e-03
    3.25763319e-03   6.07622862e-02  -9.29028094e-02  -2.64682919e-02
    1.28337801e-01   3.39273736e-02  -4.45102938e-02  -1.33903334e-02]
 [ -7.10434765e-02  -7.51589313e-02   1.64715126e-01   5.12895314e-03
    1.21161565e-01  -1.14711598e-02   9.11103860e-02  -3.39124650e-02
    9.13915224e-04   1.24277309e-01  -4.92509045e-02  -5.95061593e-02
    1.12036645e-01  -3.16699184e-02   5.53474901e-03  -4.78516854e-02]
 [ -5.08083701e-02  -1.17784515e-01   1.18701756e-02  -5.54045849e-02
    9.93779525e-02   3.91589366e-02   1.41080292e-02  -4.50354367e-02
    5.00733126e-03   5.62608950e-02  -1.04011521e-02  -4.74897064e-02
    9.26081091e-02   7.10744038e-03  -2.08589491e-02   5.53493481e-03]
 [ -8.92653540e-02  -2.05891252e-01   2.12617982e-02  -2.57587191e-02
    1.25593439e-01   2.04496160e-02  -2.24557752e-03  -8.65313783e-03
   -5.88057097e-03   8.09774920e-02  -2.20471695e-01  -3.75729315e-02
    1.11853816e-01   1.85111929e-02   5.23451306e-02  -5.49217649e-02]
 [  5.27176149e-02  -2.40235776e-02   9.47737414e-03   1.78092730e-03
    5.40531538e-02   2.18308065e-02   1.93176847e-02  -1.01820910e-02
   -5.35739632e-03  -3.72505672e-02  -2.81701162e-02   2.95500681e-02
    6.36816025e-02  -2.47857142e-02  -3.22044306e-02  -1.28930146e-02]
 [  2.79285740e-02  -3.13630626e-02  -6.22756127e-03   2.97477469e-03
    5.87080419e-02   2.68914998e-02   2.86549795e-02  -2.41834652e-02
   -4.01343638e-03  -3.38982977e-02  -2.02026702e-02   6.78325864e-03
    7.37212971e-02  -1.28436591e-02  -2.54185051e-02  -1.85928047e-02]
 [  2.76504532e-02  -3.13267857e-02  -7.99680687e-03  -1.10292772e-03
    5.85372336e-02   2.85330880e-02   2.49244086e-02  -2.07822323e-02
    1.05355950e-02  -2.98352949e-02  -1.83317401e-02   3.37739661e-03
    6.98629469e-02  -1.45266745e-02  -2.38992665e-02  -1.41677484e-02]
 [  2.00627986e-02  -3.25471647e-02  -1.04481690e-02   3.75337363e-03
    5.83836585e-02   2.73657255e-02   3.10844667e-02  -2.80318558e-02
   -6.40307926e-03  -3.25787552e-02  -1.76517237e-02   6.08254573e-04
    7.51306415e-02  -8.73850938e-03  -2.29160488e-02  -2.03507617e-02]
 [  2.95755416e-02  -9.56622958e-02   4.05712351e-02   3.19279432e-02
    5.38658388e-02   1.20860375e-02   5.34954257e-02  -5.50198331e-02
    7.97967672e-01   1.56399403e-02   3.47400717e-02  -8.25632289e-02
    3.92600074e-02  -1.30457103e-01  -8.23100880e-02  -2.36192178e-02]
 [  3.23075093e-02  -2.78757215e-02  -2.63204575e-02  -3.22938971e-02
    7.02404976e-02   4.69695479e-02   6.25752960e-04   3.21599934e-03
   -1.67489063e-03  -1.58623382e-02  -1.79760531e-02  -4.36204765e-03
    6.26865551e-02  -1.29634179e-02  -1.12694083e-02   1.35263521e-02]
 [  3.81905995e-02  -3.09333745e-02   1.50141784e-03   5.37229236e-03
    5.84125221e-02   2.44859383e-02   2.85247732e-02  -2.21536197e-02
    5.64054772e-03  -3.71017344e-02  -2.34621745e-02   1.52599411e-02
    7.31297135e-02  -1.93849262e-02  -3.06921508e-02  -1.94037948e-02]
 [  4.14536707e-02  -3.21946070e-02  -4.51304670e-03  -5.73735032e-03
    6.48707747e-02   3.20947245e-02   2.08610743e-02  -1.44926542e-02
    1.90589633e-02  -3.20541449e-02  -2.28962600e-02   1.08186482e-02
    7.23559782e-02  -2.21232250e-02  -2.82288212e-02  -9.66738351e-03]
 [  2.61941906e-02  -3.30358818e-02   7.59192184e-03   2.52430569e-02
    5.02967387e-02   1.35227032e-02   4.56852540e-02  -4.05906141e-02
   -2.32285750e-03  -4.48014513e-02  -2.15125252e-02   1.45415450e-02
    7.89471418e-02  -1.37479808e-02  -3.45724970e-02  -3.83908190e-02]
 [  2.06782781e-02  -3.49172987e-02  -9.01525933e-03   7.78937479e-03
    6.06550947e-02   2.68807132e-02   3.61214280e-02  -3.28185745e-02
   -7.73957046e-03  -3.65648270e-02  -1.89133994e-02   1.71923696e-03
    8.09184685e-02  -9.03174467e-03  -2.56881285e-02  -2.51063164e-02]
 [  3.84368114e-02  -3.02346535e-02   1.30375184e-03   4.77891043e-03
    5.80384806e-02   2.45015752e-02   2.75997799e-02  -2.11897139e-02
    2.36864225e-03  -3.68780307e-02  -2.36382354e-02   1.58593655e-02
    7.23617449e-02  -1.90314259e-02  -3.02056707e-02  -1.87434275e-02]
 [  4.19120118e-02  -3.34438235e-02  -2.70731235e-03  -4.40128660e-03
    6.43456802e-02   3.11827566e-02   2.17265673e-02  -1.53740197e-02
    3.64958756e-02  -3.12836990e-02  -2.19200477e-02   9.58763435e-03
    7.14517608e-02  -2.49269661e-02  -2.99045872e-02  -1.02517316e-02]
 [  3.68186422e-02  -3.81427072e-02   1.66916586e-02   2.67918948e-02
    5.17231300e-02   1.23181269e-02   4.56024297e-02  -3.92120406e-02
    7.27899373e-02  -4.27902117e-02  -2.01870184e-02   1.42079797e-02
    7.59024695e-02  -2.97787525e-02  -4.34144139e-02  -3.70205417e-02]
 [  2.21285708e-02  -3.36477645e-02  -3.24546471e-02  -2.87489202e-02
    7.49252662e-02   4.93236408e-02   8.98736343e-03  -7.01109366e-03
    1.12773525e-03  -1.74752865e-02  -1.54257314e-02  -1.40973292e-02
    7.25222602e-02  -8.47194623e-03  -1.09066274e-02   7.28397816e-03]
 [  5.16721532e-02  -2.27370542e-02   6.97967457e-03  -3.27200000e-03
    5.31126857e-02   2.35359799e-02   1.42749343e-02  -5.54719614e-03
    1.63506193e-03  -3.26102898e-02  -2.63542403e-02   2.65264511e-02
    5.86049110e-02  -2.49491818e-02  -2.93917134e-02  -7.50541454e-03]
 [  2.43698731e-02  -3.30068544e-02  -9.65894666e-03   2.04160996e-03
    6.08430877e-02   2.88906489e-02   2.98805442e-02  -2.61310767e-02
   -4.60306602e-03  -3.33840102e-02  -1.91621799e-02   2.72435416e-03
    7.64021948e-02  -1.08966436e-02  -2.41381899e-02  -1.88810937e-02]
 [ -9.33241993e-02   1.94729418e-01   3.73289913e-01   1.13260649e-01
   -2.26232290e-01   1.76763937e-01  -1.20068647e-01  -1.35193497e-01
    1.15803212e-01   1.20165057e-01   1.75472945e-01   4.53706324e-01
   -3.81684750e-02   8.63297060e-02   2.06969202e-01  -3.09962094e-01]
 [  1.16728194e-01   3.89519572e-01   3.77784222e-01  -3.59327793e-01
   -3.38520914e-01  -1.33033827e-01  -1.92275137e-01  -1.09085590e-01
   -2.06702054e-01  -2.24148408e-02   2.47939914e-01  -9.78798568e-02
   -3.09127510e-01   2.15698257e-01  -1.24138892e-01  -1.24638401e-01]
 [  2.05895692e-01  -7.21855322e-03  -5.34378085e-03  -2.94775486e-01
   -3.30233365e-01   1.86170861e-01   1.25248879e-02  -4.96882200e-02
   -7.70307984e-03  -3.79142940e-01  -2.12647617e-02   1.20960481e-01
   -1.09937072e-01   4.83611822e-01  -4.28183526e-02  -1.42474577e-03]
 [ -9.59621221e-02   1.27991840e-01   1.99425034e-02  -6.63017631e-02
    1.44566279e-02   1.99360684e-01   7.45958388e-02   2.82708723e-02
    7.12866783e-02   1.45529946e-02  -7.58131209e-04  -8.15992281e-02
    5.97536206e-01   1.44068375e-01   5.18230759e-02  -2.65414983e-01]
 [ -3.00282869e-03  -8.91011674e-03   4.22600191e-03  -1.32130042e-01
   -7.47901499e-02  -8.60705823e-02   4.03181324e-03   8.88700876e-03
    6.55889371e-03  -6.80115027e-03  -3.94399315e-02   7.53604546e-02
    2.59920279e-03   7.67248571e-02   3.91719267e-02   1.97026208e-02]
 [ -1.61522910e-01  -6.69432655e-02   7.67920464e-02  -1.69007540e-01
    6.53792322e-02  -2.37312559e-02  -3.37355658e-02   6.82930127e-02
    1.28603160e-01   4.23241183e-02  -1.73847806e-02  -2.15993524e-01
    1.49008542e-01   2.77587682e-01  -1.50482759e-01  -1.72721460e-01]
 [  3.08043092e-01  -4.44823764e-02  -2.06512436e-02  -3.06274742e-01
   -2.45575415e-04   2.90745109e-01  -1.69496320e-03  -1.64397415e-02
    5.52269667e-02  -4.97368008e-01  -4.47264045e-01   4.12962973e-01
   -4.69184928e-02   2.06723854e-01   1.17444664e-01  -7.70924240e-02]
 [  5.16080976e-01   5.02572991e-02   4.46067564e-03  -2.27504522e-01
   -2.02652782e-01   1.87031589e-02  -5.41231269e-03   7.16068819e-02
   -4.37850989e-02  -1.89268813e-01  -1.57138020e-01   2.83823967e-01
   -2.95269817e-01   1.42047346e-01  -1.37428954e-01   4.47049513e-02]
 [  1.59934893e-01   2.14213893e-01   2.17626810e-01  -4.46138382e-02
    3.06677252e-01   3.00120652e-01  -2.33711138e-01  -1.69751747e-03
    9.42360312e-02   8.21785722e-03  -3.17754894e-02  -9.07053053e-02
   -5.11554256e-02   3.06919515e-01  -6.03975356e-02   1.82367116e-01]
 [  8.52952152e-03  -4.29024473e-02  -3.76632884e-02  -2.67683417e-01
    5.89022273e-03   1.06663182e-01  -8.33185837e-02  -2.24665198e-02
    4.00747061e-02   2.88791321e-02  -1.44804507e-01   1.86546780e-02
   -1.01436667e-01   8.02468881e-02  -2.87494268e-02   4.58374433e-02]
 [ -1.79812521e-01  -1.27098545e-01  -4.13893871e-02  -2.62426376e-01
   -2.51094788e-01   2.78097034e-01   2.58295506e-01   9.74184200e-02
   -1.98320121e-01  -1.28039360e-01   1.29407287e-01  -1.09243490e-01
   -1.49603024e-01   2.02032685e-01  -7.57267550e-02  -8.68536010e-02]
 [  1.56220458e-02  -4.59597036e-02   2.42497146e-01  -3.97986323e-01
   -1.14067718e-01   5.23632504e-02  -4.73892242e-01   1.14814661e-01
    1.74431145e-01   1.74934473e-02  -2.93938041e-01  -1.48887979e-02
   -2.95590878e-01   9.16053206e-02  -9.42536369e-02   3.53343077e-02]
 [ -4.66010235e-02  -1.73944812e-02   2.54346400e-01  -1.45043314e-01
   -3.24087322e-01   2.23892346e-01   1.34087512e-02  -4.17210087e-02
   -2.71409042e-02   1.13094924e-02  -2.08706465e-02   4.23078746e-01
   -2.07776964e-01  -2.63435632e-01  -5.45123518e-01  -1.77933618e-01]
 [  4.42530476e-02   1.38944685e-01   1.53697431e-01  -1.70437336e-01
    1.28967524e-01   1.03013225e-01  -4.64079715e-03   5.45013785e-01
   -1.22170607e-02  -1.88447297e-01  -1.55800655e-01   2.68738568e-01
   -1.87169135e-01   9.80578735e-02  -8.89854953e-02   5.92284463e-02]
 [  4.68707569e-02   5.04749082e-02   4.10405308e-01  -2.87304521e-01
    8.80311131e-02   1.71842650e-02  -1.44357905e-01   3.19372654e-01
   -9.76616591e-02   1.88935652e-01  -3.55858028e-01   1.07616127e-01
   -2.39449814e-01   8.70201290e-02  -2.84213990e-01  -2.12016761e-01]
 [  1.15379602e-01  -8.94436389e-02  -2.12893542e-03  -1.21637054e-01
   -2.39517450e-01  -1.07408784e-01  -7.47728497e-02   3.94887403e-02
    1.28610479e-02  -1.22274354e-01  -1.20154792e-03   3.13933760e-01
    5.15823290e-02   2.16001526e-01  -9.84304100e-02  -1.87691480e-01]]
Bob
[[  8.71249437e-02  -3.81556377e-02  -1.12286076e-01  -5.11633791e-02
   -1.09024830e-01   5.58215193e-02   9.37855244e-02   9.21024010e-02
   -3.53231691e-02  -7.01290742e-02   6.53982460e-02   2.57083736e-02
   -7.57326484e-02   9.33563113e-02  -4.78618853e-02   5.42831793e-02]
 [  2.21136119e-02  -4.94728684e-02  -1.12717398e-01  -4.67205867e-02
   -3.61251533e-02  -1.06003538e-01   1.00913450e-01   1.33831173e-01
   -4.09303755e-02  -1.00158989e-01   1.12122871e-01   1.06331874e-02
   -4.20779847e-02   5.43466732e-02  -8.12992677e-02   2.16357913e-02]
 [  5.01025282e-02  -4.59196307e-02  -1.21611506e-01  -1.33775726e-01
   -1.44261062e-01  -4.44567762e-02   9.44101438e-02   1.27314597e-01
   -6.05130084e-02  -4.73392233e-02   3.72090959e-03  -5.91117181e-02
   -4.56850231e-02   2.67521143e-02  -1.60568987e-03   3.99250425e-02]
 [  1.06832366e-02  -9.57939476e-02  -1.14973426e-01  -3.10343448e-02
    7.22152144e-02  -1.14196904e-01   9.39248428e-02   9.49292928e-02
   -2.46634111e-02  -1.21253207e-01   1.11105397e-01  -3.36677358e-02
    3.92678427e-03  -6.79192925e-03  -9.95537639e-02   5.31257726e-02]
 [  7.00536668e-02  -6.85537159e-02  -1.02276474e-01  -7.56467059e-02
   -1.37826100e-01  -3.14401127e-02   9.08117816e-02   1.05988562e-01
   -4.32850607e-03  -1.26613766e-01   6.77035525e-02  -2.43280791e-02
    1.04901390e-02   4.57747281e-02  -7.23458976e-02   4.77822833e-02]
 [ -4.05370034e-02  -4.97789904e-02  -1.83681712e-01  -1.08718947e-01
   -4.78327833e-02  -9.34192166e-02   8.98764208e-02   1.00533351e-01
   -1.64977968e-01  -1.53483137e-01   5.33305965e-02  -6.92695007e-02
    1.53567912e-02   7.68743381e-02  -2.92157270e-02   1.47515805e-02]
 [ -1.82977673e-02  -3.05093620e-02  -1.10241093e-01   4.53193067e-03
   -1.50076717e-01   8.84485524e-03   9.69657078e-02   1.00109465e-01
   -1.09297754e-02  -6.07048906e-02   4.61559556e-02  -2.91650500e-02
   -6.24913462e-02   1.79191642e-02   1.41573986e-02  -3.13584181e-03]
 [  5.10336719e-02  -2.07792670e-02  -1.20986760e-01  -1.66585237e-01
    1.28429860e-01  -4.21174318e-02   8.76633152e-02   1.05465025e-01
   -1.28481448e-01  -3.13342293e-03   3.79630215e-02   3.18521298e-02
   -2.73885690e-02   5.99864535e-02  -1.45555940e-02   4.70683426e-02]
 [  2.41397973e-02  -4.80393432e-02  -1.09188631e-01  -3.92691083e-02
   -1.95150614e-01   2.34937929e-02   9.98787805e-02   1.04741693e-01
   -2.66217790e-03  -8.84051472e-02   7.94170946e-02   4.25171433e-03
   -1.33515066e-02   2.99476646e-02  -7.15477904e-03   6.36643022e-02]
 [  4.12955843e-02  -5.76221347e-02  -1.05087571e-01  -5.44407554e-02
   -3.33923027e-02   3.71336564e-02   9.27252993e-02   9.32648405e-02
   -3.36445309e-02  -4.93545122e-02   5.19349612e-02  -2.14699917e-02
   -3.45875621e-02   3.34564410e-03  -2.79318672e-02   6.03162088e-02]
 [ -8.21832195e-02  -5.30031398e-02  -1.01950184e-01  -4.07590643e-02
   -1.01199739e-01  -2.35808238e-01   1.04510710e-01   1.17067203e-01
   -1.13933034e-01  -3.65705825e-02   4.56965640e-02  -5.05937412e-02
    8.08870867e-02   3.02139930e-02  -3.56680937e-02   2.78443899e-02]
 [  2.87076086e-02  -6.12980425e-02  -1.09420270e-01  -2.21726112e-02
   -9.49306190e-02  -5.72598632e-03   9.31921452e-02   9.78479311e-02
   -7.26895919e-03  -7.86978602e-02   5.06794378e-02  -4.94304039e-02
   -5.24657555e-02   9.33319796e-03  -3.86758819e-02   3.84746455e-02]
 [  3.75928022e-02  -6.46943897e-02  -1.04242474e-01  -1.13124691e-01
   -7.80438930e-02  -6.70088977e-02   1.01223700e-01   1.17263995e-01
   -7.95665979e-02  -6.95317611e-02   1.80146396e-02  -5.18438257e-02
    2.50649974e-02   2.91845836e-02  -4.13098708e-02  -8.71337857e-03]
 [ -3.26474197e-03  -3.46932299e-02  -1.14351764e-01  -1.08056903e-01
   -3.47145088e-02  -1.06753178e-01   9.79284644e-02   1.03293203e-01
   -1.06518522e-01  -2.66375858e-02   7.47685954e-02   4.73511145e-02
    3.49933351e-03   6.17831573e-02   3.99433635e-03   4.54085357e-02]
 [  1.20019186e-02  -4.98297550e-02  -8.12163651e-02  -1.87949575e-02
   -5.95750101e-02  -3.70074734e-02   9.25856158e-02   9.85647738e-02
   -1.10641215e-02  -4.07750532e-02   4.55042645e-02  -3.11141927e-02
    1.91853242e-03   3.05304560e-03  -4.20511477e-02   3.98255140e-02]
 [ -1.30724488e-02  -4.34058979e-02  -1.10523410e-01  -4.19622622e-02
   -1.53360739e-01  -6.18028715e-02   1.10447854e-01   1.09855801e-01
   -6.00901060e-02  -1.73046719e-02  -6.44411705e-03  -5.15721515e-02
   -9.12272409e-02   2.20757052e-02   4.17612493e-02  -8.66865143e-02]
 [  3.05491295e-02  -2.84709483e-02  -6.82994351e-02   1.93205122e-02
    1.50719881e-02  -1.35547677e-02   8.50043744e-02   7.26668611e-02
   -8.26105184e-04   1.83699094e-02   4.39518690e-03  -3.37591581e-02
   -4.81004640e-02   2.51433831e-02  -4.60777842e-02   3.56003419e-02]
 [  3.29178870e-02  -2.88544055e-02  -6.85846731e-02   1.61747430e-02
    1.54234776e-02  -1.30070755e-02   8.61074403e-02   7.45253563e-02
    6.65789470e-04   2.02000290e-02   4.15172242e-03  -3.31539437e-02
   -4.87708859e-02   2.37024054e-02  -4.53057140e-02   3.78666408e-02]
 [  3.25689465e-02  -2.83773318e-02  -6.74394593e-02   1.56136388e-02
    1.52063435e-02  -1.27471397e-02   8.47111493e-02   7.33720884e-02
    7.59783317e-04   1.99907999e-02   4.06315085e-03  -3.25513966e-02
   -4.79399934e-02   2.31971648e-02  -4.44463529e-02   3.73672508e-02]
 [  3.14772204e-02  -2.89320834e-02  -6.93105757e-02   1.88480932e-02
    1.53621752e-02  -1.36585347e-02   8.64237770e-02   7.41214007e-02
   -5.51301287e-04   1.90041345e-02   4.31467965e-03  -3.41348127e-02
   -4.88613322e-02   2.51592658e-02  -4.65332530e-02   3.65596376e-02]
 [  2.45940387e-02  -2.89464276e-02  -7.16596544e-02   3.08131743e-02
    1.48686077e-02  -1.61618032e-02   8.66763666e-02   7.10953772e-02
   -6.06969744e-03   1.33339129e-02   5.21476660e-03  -3.79778743e-02
   -4.88520749e-02   3.14172208e-02  -5.15399054e-02   3.02913897e-02]
 [  5.40628098e-02  -2.74009053e-02  -5.81415705e-02  -2.39742603e-02
    1.64514575e-02  -4.35754796e-03   8.17997232e-02   8.13762918e-02
    1.85119696e-02   3.80296223e-02   1.10157195e-03  -1.91366076e-02
   -4.68179174e-02   2.23300816e-03  -2.69687586e-02   5.70275076e-02]
 [  3.93522456e-02  -2.81456057e-02  -6.46617040e-02   3.25216097e-03
    1.55999074e-02  -1.01772593e-02   8.39912817e-02   7.60882497e-02
    6.32421207e-03   2.57195719e-02   3.15804337e-03  -2.84158718e-02
   -4.77256700e-02   1.66738518e-02  -3.90761197e-02   4.36546095e-02]
 [  2.83030607e-02  -2.87529025e-02  -6.98010400e-02   2.38551665e-02
    1.50346607e-02  -1.45989181e-02   8.58838782e-02   7.22706243e-02
   -2.88538774e-03   1.64089631e-02   4.68301214e-03  -3.54394503e-02
   -4.84878346e-02   2.76317876e-02  -4.82952856e-02   3.36159654e-02]
 [  5.98316938e-02  -2.84561049e-02  -5.90739623e-02  -3.10725402e-02
    1.73265450e-02  -3.05690616e-03   8.47739652e-02   8.60336199e-02
    2.22779699e-02   4.24800105e-02   7.69664708e-04  -1.78021155e-02
   -4.87370528e-02  -1.03324931e-03  -2.53744870e-02   6.25937134e-02]
 [  3.49000506e-02  -2.86503918e-02  -6.74472973e-02   1.22993439e-02
    1.54692726e-02  -1.21071488e-02   8.55026618e-02   7.50480220e-02
    2.44092033e-03   2.19074935e-02   3.86609463e-03  -3.16935182e-02
   -4.85112406e-02   2.15672981e-02  -4.34189923e-02   3.96780856e-02]
 [  2.61735320e-02  -2.84130294e-02  -6.94731846e-02   2.66818404e-02
    1.46582769e-02  -1.49922287e-02   8.48354101e-02   7.04781190e-02
   -4.24877321e-03   1.47445593e-02   4.92843194e-03  -3.59903984e-02
   -4.78923172e-02   2.88958792e-02  -4.90106158e-02   3.15297358e-02]
 [  1.32587012e-02  -2.88866218e-02  -7.48785660e-02   5.01018316e-02
    1.39235193e-02  -2.00310033e-02   8.63859504e-02   6.56081811e-02
   -1.49030751e-02   4.04143613e-03   6.60690712e-03  -4.39062491e-02
   -4.84167077e-02   4.13449258e-02  -5.92642054e-02   1.97229404e-02]
 [  4.12883498e-02  -2.82112043e-02  -6.42152876e-02   4.82850191e-05
    1.57494415e-02  -9.54400841e-03   8.41748044e-02   7.70917535e-02
    7.81764835e-03   2.72948183e-02   2.92905536e-03  -2.74569187e-02
   -4.78615463e-02   1.50744179e-02  -3.78463753e-02   4.54631262e-02]
 [  2.10825391e-02  -2.83084549e-02  -7.08979219e-02   3.52171808e-02
    1.42523237e-02  -1.68158133e-02   8.46244991e-02   6.80263862e-02
   -8.25411454e-03   1.05917854e-02   5.48873935e-03  -3.86732556e-02
   -4.75910567e-02   3.33217345e-02  -5.24177589e-02   2.67704073e-02]
 [  2.95405500e-02  -2.80494615e-02  -6.75250590e-02   1.99873149e-02
    1.48378070e-02  -1.35592511e-02   8.38518441e-02   7.14205950e-02
   -1.28855358e-03   1.75765399e-02   4.36478807e-03  -3.35976444e-02
   -4.74026650e-02   2.52672862e-02  -4.58355136e-02   3.45706530e-02]
 [  4.84531745e-02  -2.82686818e-02  -6.21517077e-02  -1.19579192e-02
    1.63564980e-02  -6.93821441e-03   8.43369737e-02   8.04346725e-02
    1.34496372e-02   3.31023671e-02   2.11094506e-03  -2.36796495e-02
   -4.81689088e-02   8.77809618e-03  -3.29880603e-02   5.20437285e-02]
 [  1.19611673e-01  -7.53611885e-03   1.61994807e-02   5.31562930e-03
   -3.22761275e-02  -2.84909755e-01   1.74208328e-01   8.23673606e-01
   -9.43253264e-02   2.08634853e-01  -8.19555745e-02  -6.28704727e-02
    6.19793274e-02   2.12789513e-02  -2.35080272e-02   1.57575145e-01]
 [  1.21702673e-03   1.11978836e-02  -3.44201893e-04  -5.24466857e-04
    9.39914389e-05   8.33007565e-04   5.83946996e-04  -2.76768378e-06
   -3.68437567e-03  -5.16747031e-03   7.96552049e-05  -5.30229299e-04
   -1.52246538e-03  -8.03650124e-04  -1.27021619e-03   2.61319196e-03]
 [  1.66455820e-01  -8.88130255e-03  -5.88140786e-01   5.91694601e-02
    2.49149334e-02  -1.59097258e-02   1.43726364e-01   2.90384656e-03
   -3.92824523e-02   1.04952775e-01   3.79487779e-03   9.52425152e-02
   -2.00170547e-01  -2.47905555e-04  -3.68837379e-02   8.77075922e-03]
 [ -5.72262257e-02   1.40404060e-01   6.63290769e-02   1.65934801e-01
   -2.22412705e-01  -4.22571570e-01   2.32043371e-01  -1.25474762e-02
   -1.56245559e-01  -3.22992295e-01  -1.27995297e-01   1.14281951e-02
    6.13742769e-02   2.51130443e-02  -5.98659180e-02   6.58652335e-02]
 [  8.17862153e-02  -2.81548679e-01   1.70369204e-02  -5.94826899e-02
    9.92033049e-04  -1.21575229e-01  -1.25316024e-01  -2.74505019e-02
    4.59427178e-01   6.72835335e-02  -3.16887803e-04   3.45584191e-02
   -9.28570554e-02   2.78733438e-03  -8.33587572e-02   2.07579911e-01]
 [ -1.02958083e-02   1.67943552e-01   3.52298111e-01  -6.31749511e-01
   -4.25997496e-01  -2.50796527e-01  -2.23982751e-01  -7.75666013e-02
   -4.89233613e-01   1.07939709e-02   1.15931481e-01   1.80429593e-01
   -3.52079630e-01  -1.10538729e-01  -1.95684314e-01   3.16665173e-01]
 [  1.57045275e-01   2.79767495e-02  -9.56005529e-02  -3.84585768e-01
    5.00638746e-02  -1.62383005e-01  -3.96937355e-02  -3.91817652e-02
   -4.20122482e-02   2.24349275e-01  -1.53056383e-01   3.11024129e-01
    1.71140864e-01  -1.72077283e-01  -1.80530310e-01   3.02772880e-01]
 [  3.24813545e-01  -1.54387042e-01   2.26006985e-01  -2.66952485e-01
   -3.32624197e-01  -4.66268569e-01   6.58648089e-02  -3.93098444e-02
   -6.79066926e-02  -3.29701975e-02  -4.69727628e-02   3.61300319e-01
   -2.30086058e-01  -5.38373828e-01  -1.29795536e-01   2.06154189e-03]
 [ -4.65009660e-02   2.65845042e-02   7.62552908e-03   7.27047101e-02
   -6.40072152e-02  -8.97985324e-02   3.51777561e-02  -1.26370760e-02
    2.08976511e-02  -3.34899290e-03  -8.84624660e-01   2.45470945e-02
   -3.04397978e-02  -1.88181754e-02  -6.65116534e-02   5.25251105e-02]
 [ -2.15724986e-02  -2.56829653e-02   8.31103325e-02  -1.64369985e-01
    1.08944230e-01  -1.07718803e-01   6.11592293e-01   9.50937048e-02
    4.12040055e-02  -4.58929315e-03  -3.39380950e-01  -8.40205848e-02
    4.05019615e-03  -2.28251182e-02   5.00385538e-02   5.26596271e-02]
 [  1.43780366e-01  -5.92400283e-02   5.77372573e-02  -2.52979130e-01
   -3.16944383e-02  -1.48052663e-01   6.24310821e-02   1.77171156e-02
   -1.85435757e-01   5.69510609e-02   1.14613781e-02  -2.80766431e-02
   -3.87831181e-02   1.18576633e-02  -2.24983379e-01  -2.29487419e-01]
 [  3.60290296e-02   5.10071181e-02  -2.29993388e-02  -5.67637105e-03
   -5.80736250e-02  -3.57727528e-01   8.92744027e-03   1.58764228e-01
   -6.88131526e-02  -1.11638516e-01  -1.06539525e-01  -3.79031408e-03
   -1.72380991e-02  -5.04959300e-02   2.64684945e-01  -3.15302052e-03]
 [ -4.90803495e-02  -2.34081045e-01   4.77801589e-03   5.11954188e-01
   -2.66549387e-03  -6.20457940e-02   5.91403730e-02  -2.54692743e-03
    7.71903396e-02   1.09710403e-01  -3.58731975e-03  -2.85153966e-02
   -7.35530108e-02   3.37425689e-03   2.17052381e-02   1.64693803e-01]
 [  2.33279690e-01  -1.37747779e-01  -6.48604780e-02  -2.26850003e-01
   -4.54911813e-02   1.27251834e-01  -6.04755282e-02  -4.92292531e-02
   -1.08611949e-01   9.74175110e-02  -3.74587566e-01  -5.14370836e-02
   -5.51771164e-01   6.01651259e-02  -2.51153648e-01  -9.64503959e-02]
 [ -5.54531552e-02  -7.67151192e-02  -2.57269144e-01  -1.78824648e-01
   -2.31863216e-01   2.89177503e-02  -6.97972998e-02  -4.05137129e-02
   -3.05709809e-01   1.54160470e-01  -3.28009367e-01  -1.26928359e-01
   -3.17449540e-01   9.03030410e-02  -1.18600599e-01   3.43817659e-02]
 [  3.61954033e-01  -1.88767403e-01   6.66173548e-02   1.74372196e-01
   -2.50994623e-01   1.43861726e-01  -1.41389236e-01   1.60128072e-01
    2.35559307e-02   3.86731595e-01   3.50272022e-02   3.56478870e-01
    1.55162826e-01  -3.60268801e-01  -1.15277424e-01  -7.73273408e-02]]
Eve
[[ -8.49967729e-03  -2.81370819e-01  -2.53618471e-02  -7.89814964e-02
   -8.56486112e-02  -8.53313971e-03  -2.01673672e-01  -1.88294291e-01
    4.86435816e-02   2.32674051e-02   1.02292068e-01   2.84908384e-01
    1.78908020e-01  -1.01091981e-01  -5.57701886e-02  -6.46562204e-02]
 [ -1.81784466e-01   1.26138389e-01   5.36538176e-02  -1.51225150e-01
    1.08848244e-01   1.45195201e-01  -9.38242972e-02   3.02595329e-02
    1.35258466e-01   5.72791286e-02   1.98244035e-01  -2.08393455e-01
    2.05088988e-01  -3.72890034e-04  -2.32439395e-02   8.21008757e-02]
 [ -1.99745640e-01  -2.89600849e-01  -1.44186616e-02  -8.86283442e-03
   -1.44756660e-01   4.61698771e-02   9.68359262e-02  -2.53205616e-02
   -5.12672737e-02  -5.36178146e-03   1.48799255e-01   4.07141633e-03
    2.90839076e-01  -8.00625011e-02  -2.01140910e-01   9.94197205e-02]
 [  1.81639522e-01   4.27272975e-01  -5.22326771e-03  -4.56667304e-01
    2.14666218e-01   2.68288702e-01   5.40764369e-02   1.64092556e-01
    1.55000448e-01   5.28063215e-02   1.47756174e-01  -2.29584083e-01
    9.61934030e-02  -9.06372219e-02   5.78199886e-02   1.26618847e-01]
 [  1.93932205e-02  -3.58310461e-01  -2.04187296e-02  -3.37650508e-01
    9.40921158e-03   1.01550967e-01   2.61222608e-02  -6.88836277e-02
    5.82733564e-02   2.80169044e-02   8.49164501e-02  -2.30960753e-02
    1.59389198e-01  -1.91570833e-01   1.09260557e-02   1.20747201e-02]
 [  9.27722752e-02   2.16383696e-01  -1.40456229e-01  -1.39484480e-01
   -8.14089403e-02   1.30781606e-01   3.79868969e-02  -2.40258817e-02
    1.35628223e-01   2.34893914e-02   1.60840407e-01   3.01951617e-02
    4.23766524e-01  -2.54185140e-01  -2.74582565e-01   2.83468872e-01]
 [ -1.51904494e-01  -2.40716964e-01   6.07474893e-03  -4.18379717e-02
    6.75139353e-02   7.87469596e-02  -3.75132933e-02   7.03291744e-02
    2.97481064e-02   1.80579886e-01   1.29362211e-01   1.04272738e-01
    6.77623078e-02   1.34901665e-02  -1.93881437e-01   1.15873523e-01]
 [  3.56124751e-02   6.14684284e-01  -4.13360335e-02   1.65132821e-01
   -8.17983523e-02   6.64768070e-02  -1.61787644e-01  -1.20580196e-01
    3.96569595e-02   4.43414366e-03   2.41446435e-01   8.71634111e-02
    3.65938634e-01  -2.50781834e-01  -1.58510596e-01   1.29901692e-01]
 [ -2.34764870e-02  -4.13963050e-01  -5.62522979e-03  -1.55790776e-01
    2.53642797e-02   8.58345255e-02  -9.67966616e-02  -1.05457259e-02
    1.18934721e-01   1.66778103e-01   9.73573327e-03   1.92292020e-01
    1.14679031e-01  -1.38565943e-01  -1.53472334e-01   1.42393500e-01]
 [  2.95793579e-04   3.29416730e-02   1.69390813e-02  -1.33979380e-01
   -2.22102571e-02   1.01638131e-01  -1.32606477e-02   3.42420675e-02
    4.14154157e-02   9.74842757e-02   1.00795656e-01   2.68390626e-01
    1.29684702e-01  -1.64199680e-01  -7.70712867e-02   1.04377612e-01]
 [ -6.60568476e-02   3.78478244e-02   7.21237510e-02   1.58188254e-01
    4.66504972e-03   2.23213419e-01   1.10400014e-01   1.22834072e-01
    1.27050266e-01   6.07620925e-02   2.92379018e-02  -3.96434933e-01
    2.85341799e-01  -2.10703403e-01  -2.43229359e-01   4.12378937e-01]
 [ -6.13342784e-02  -1.77333876e-01  -9.22201376e-04  -2.35709444e-01
    2.79417820e-02   9.75043550e-02   4.74877805e-02   6.79670647e-02
    4.00801450e-02   7.21345097e-02   9.14526880e-02   6.33120909e-02
    8.34308490e-02  -1.59009192e-02  -6.59848526e-02   5.48718981e-02]
 [ -1.43296361e-01  -5.95026799e-02   7.05493316e-02  -2.03928351e-02
   -6.96337298e-02   1.67118192e-01   1.24350294e-01  -1.42546454e-02
   -1.10958755e-01   6.91440850e-02   2.83835560e-01  -2.79116575e-02
    2.74135262e-01  -3.43687147e-01  -1.03073873e-01   1.03811234e-01]
 [  6.73292875e-02   2.55289316e-01   2.33748020e-03   1.76408261e-01
    2.36312281e-02   1.67472139e-01  -1.95001721e-01  -5.83723225e-02
    1.45806059e-01   9.49116796e-02   1.76419720e-01  -7.20085651e-02
    3.11262339e-01  -2.12914824e-01  -2.51268506e-01   2.32922673e-01]
 [ -5.70148230e-02  -7.43178055e-02   4.82123271e-02  -1.02353081e-01
    3.63196395e-02   1.08505569e-01   4.28442359e-02   6.94457367e-02
    5.16472645e-02   9.16742757e-02   4.49461676e-02  -2.03544903e-03
    7.87189081e-02  -1.28707051e-01  -4.64979522e-02   1.33924499e-01]
 [ -3.04774672e-01  -1.55477285e-01   9.38777924e-02   2.15595514e-01
    4.16812487e-02   1.84024811e-01   5.21992184e-02   6.99191317e-02
   -1.96029469e-01   1.68800339e-01   4.47857916e-01  -9.60708708e-02
    1.53614700e-01  -2.40515545e-02  -2.84517437e-01   2.89178435e-02]
 [ -6.54461265e-01  -3.97596397e-02   1.38622284e-01  -1.47538157e-02
    1.71895698e-01  -3.67491716e-03   7.75144771e-02   1.85968671e-02
    5.44059426e-02   2.55962640e-01  -1.02241047e-01  -4.53650981e-01
   -2.12423176e-01  -3.67452651e-01  -1.50701597e-01  -2.92551398e-01]
 [ -1.38273491e-02  -2.59509742e-01   1.57657415e-02  -1.14219539e-01
    7.20341057e-02  -5.07137179e-02  -2.67594978e-02   2.82954350e-02
    5.38442470e-02  -1.82902291e-02   9.96418148e-02  -1.36145772e-02
    7.94244930e-02   5.94394049e-03  -1.38886079e-01  -2.64790654e-02]
 [ -1.91138372e-01  -2.54219800e-01  -8.19159925e-01   7.76537508e-02
    9.16192681e-02   3.46432067e-02   8.09735507e-02  -1.39331415e-01
   -4.75115687e-01   3.22953224e-01  -6.05169833e-02   1.65899962e-01
   -3.01609904e-01   3.68535668e-01   2.08393157e-01  -3.41740310e-01]
 [ -9.61856358e-03   2.47108385e-01   4.68190610e-01  -7.19320655e-01
   -2.01575205e-01  -4.13354397e-01   1.44352823e-01  -2.20317654e-02
    7.88235813e-02   1.79898575e-01   7.77323991e-02  -2.66179919e-01
    4.90256518e-01  -4.06950444e-01  -3.94174278e-01   4.29062366e-01]
 [  1.84561789e-01   5.79914510e-01   6.07565902e-02   3.01078826e-01
    9.72916305e-01   5.67532063e-01  -1.73790589e-01   9.46418643e-02
    2.17318177e-01  -3.56224000e-01   1.47421598e-01   3.69582236e-01
   -2.40490645e-01  -5.09184659e-01  -3.98646683e-01   2.13295355e-01]
 [  8.68114293e-01  -2.89665051e-02   8.73196363e-01  -3.79978389e-01
    6.07673228e-02  -2.19477743e-01  -2.14111567e-01   7.76240975e-02
   -1.93175711e-02  -8.43437016e-01   6.78201258e-01   1.84773013e-01
    1.18519425e+00  -1.43877104e-01  -4.38707352e-01   7.95244873e-01]
 [  1.01549037e-01   3.05676192e-01   3.09421271e-01   5.64735115e-01
    3.22184056e-01   1.30058274e-01  -8.06566477e-01   7.90354788e-01
    9.84736010e-02  -4.40349370e-01  -1.30310863e-01   6.72592893e-02
    8.89738500e-01  -4.01703566e-01   4.24246006e-02  -1.96494147e-01]
 [ -9.58910063e-02  -1.60192236e-01   1.36317462e-01   3.90278518e-01
   -6.92833737e-02   3.68082315e-01  -7.33508408e-01   6.45680428e-01
   -3.77736837e-01  -3.05183083e-01   1.73613772e-01  -4.04696018e-01
    8.30039859e-01  -3.05606186e-01  -1.24225274e-01  -1.15046643e-01]
 [ -2.70405598e-03  -1.77270755e-01  -7.24775046e-02   6.44951873e-03
   -4.01075482e-02  -4.24673781e-02  -2.48872861e-02   3.78254652e-02
   -2.14832902e+00   1.50420815e-01  -1.42211810e-01  -2.29023606e-01
   -1.00238249e-01   2.92343825e-01   1.58830985e-01   3.28295343e-02]
 [ -3.96162450e-01  -8.84308890e-02  -2.81566739e-01   2.94587221e-02
   -3.63142118e-02   4.64790203e-02   3.04385722e-01  -1.63000077e-01
   -4.94861692e-01   7.56934702e-01  -2.60448784e-01  -4.70660836e-01
   -2.49728620e-01   1.35803267e-01  -1.47571430e-01   1.69994533e-01]
 [  7.17570007e-01   1.70230120e-01   1.72253773e-01   5.23722023e-02
   -4.51484844e-02  -8.40049684e-02  -1.04097864e-02  -6.10209517e-02
    4.23199385e-01  -2.50259817e-01   5.27758479e-01   5.04845858e-01
    6.66094601e-01  -9.11122039e-02  -6.68449476e-02   4.47074741e-01]
 [ -4.20686603e-01  -2.81525880e-01   4.72675085e-01  -1.76000431e-01
   -6.64012954e-02  -2.52894342e-01  -5.87964542e-02   2.02835083e-01
   -4.68985677e-01   1.58879668e-01  -2.84493059e-01  -5.83569586e-01
    6.14039227e-02  -1.09232575e-01  -2.76701331e-01   7.17213675e-02]
 [  2.83803821e-01   8.61601889e-01   2.28146926e-01   1.80485323e-01
    1.26818478e+00   6.65081680e-01   6.38108626e-02  -2.29947232e-02
   -3.07605773e-01  -1.44825354e-01   3.67794558e-02   2.54958987e-01
   -4.96028870e-01  -1.36319801e-01  -3.85836005e-01   6.67534053e-01]
 [  8.45357656e-01  -1.53693900e-01  -1.97574511e-01  -7.25845024e-02
   -1.69713631e-01   9.15161520e-02   6.24660263e-03  -1.27949923e-01
   -1.73661125e+00  -2.91427851e-01   3.35326463e-01   3.19067001e-01
    2.28244394e-01   4.08472866e-01   1.80764005e-01  -5.03506558e-03]
 [  7.81472445e-01   9.40455347e-02  -2.38295645e-01   3.13890010e-01
    3.75724807e-02   2.29209095e-01  -1.77791700e-01   1.26281932e-01
   -8.82837415e-01  -6.11651182e-01   5.70675492e-01   4.19359416e-01
    5.83905160e-01   4.72901255e-01   2.54899859e-01   1.24457255e-01]
 [ -1.56854212e-01  -1.81873277e-01  -2.46598721e-01   2.50284493e-01
    3.21190953e-01   1.53986141e-01  -2.69309133e-01   5.91121435e-01
   -1.07088357e-01  -2.30051726e-01   1.26922965e-01   1.15273915e-01
    1.54160962e-01   3.22836861e-02   3.91282067e-02  -4.60478753e-01]
 [ -3.21921229e-01   6.18226707e-01  -1.01733049e-02   4.04398084e-01
    6.64076507e-01   4.64813948e-01   1.07024558e-01   2.19688844e-02
   -9.19083804e-02   2.09151402e-01  -2.56533325e-01   7.03336537e-01
    2.80238211e-01  -4.20528986e-02  -3.56648356e-01  -2.10695922e-01]
 [ -1.73921674e-01   1.61944866e-01   1.44388672e-04  -1.85904905e-01
    3.99925351e-01   2.64451623e-01   4.99935411e-02   3.55044752e-02
    3.05562280e-02   6.23139963e-02   2.15428788e-02  -4.53685148e-04
    3.74734565e-03  -1.57943755e-01  -7.79706985e-02   3.03193420e-01]
 [  5.46220183e-01   6.31626368e-01   8.36456776e-01   1.14506800e-02
    8.79773200e-01   1.42461769e-02   3.88572365e-02  -7.60591105e-02
   -1.73005283e-01  -6.03460789e-01   3.12267929e-01   2.91688412e-01
    2.72554792e-02  -4.42826301e-01  -4.45590675e-01   3.98992479e-01]
 [ -4.07902896e-01   1.13272712e-01  -2.48057619e-02  -1.40813449e-02
    1.86251879e-01   6.49860352e-02  -2.42832482e-01   2.53724307e-01
   -8.68147239e-02   6.22899272e-02  -2.04235092e-01  -3.46691534e-03
    1.01818800e+00  -1.31292358e-01  -3.70358437e-01  -2.49016330e-01]
 [  1.66143812e-02  -7.90677816e-02   8.51038024e-02  -2.40797907e-01
    3.92460316e-01   3.54563035e-02  -7.64095038e-02   3.58981788e-02
    8.83172974e-02  -9.04045478e-02   2.49344736e-01   7.35578090e-02
    1.30212992e-01  -1.38397813e-01  -1.56089440e-01   2.24399548e-02]
 [ -2.68538922e-01  -2.90790480e-02  -1.82631850e-01  -7.23506138e-02
   -1.30232617e-01   5.62720373e-02   7.09035695e-02  -2.91436434e-01
    6.67504296e-02   1.66236848e-01   3.40524316e-01  -1.11713216e-01
    1.69830739e-01  -9.09021199e-02   9.29779485e-02  -2.31245369e-01]
 [  9.13852036e-01   4.74629760e-01   7.65258551e-01   1.78852901e-01
    6.38412595e-01   3.22900414e-01  -9.55135599e-02   8.40635523e-02
    9.26882625e-02  -1.14983773e+00   8.31701398e-01   7.46019959e-01
    1.91944540e-01  -6.87518716e-01  -5.81339300e-01   7.06419051e-01]
 [  6.54282868e-01   5.77984333e-01   6.03355885e-01  -5.98829612e-02
    4.05226231e-01   3.14290375e-02   1.62585005e-01  -9.53937322e-02
   -9.28732231e-02  -4.35363829e-01   3.82834077e-01   4.90108222e-01
   -3.69466484e-01  -4.98957753e-01  -5.85358560e-01   6.72870219e-01]
 [  4.27936167e-02   4.53411460e-01  -2.35685661e-01  -5.38983107e-01
   -6.30919099e-01  -1.80634826e-01   3.55894342e-02  -1.38560459e-01
    4.80978377e-02   6.71105310e-02   1.78476423e-01  -2.74687201e-01
   -2.47903213e-01  -9.99211743e-02   5.63808195e-02   2.26349726e-01]
 [  2.63798051e-02  -2.21417934e-01  -2.21633747e-01   1.36670351e-01
   -9.92320478e-02   1.21935733e-01  -1.73722655e-01   2.62049176e-02
    7.13639110e-02  -1.04221247e-01   2.73110390e-01  -1.89194398e-04
   -1.61750600e-01   1.74242742e-02   1.63405225e-01  -1.48982182e-02]
 [ -2.99427360e-01  -2.90629297e-01  -3.88345927e-01  -4.03059065e-01
   -4.12200004e-01  -9.16400105e-02  -9.80517343e-02  -1.45156384e-01
    3.16026747e-01   1.88347816e-01  -8.43819231e-02  -3.26626569e-01
    4.84394422e-03  -2.34459043e-01  -9.69570428e-02  -1.28833383e-01]
 [  2.67773896e-01   3.92834216e-01   4.20122333e-02   7.38239884e-02
    7.31623590e-01   5.40537536e-01   5.91273725e-01  -1.25574902e-01
   -1.34230450e-01   5.88045120e-02   3.89257312e-01   1.50027931e-01
   -3.69483620e-01  -2.23868817e-01  -4.56705317e-02   3.66230190e-01]
 [  1.83975119e-02   6.44944370e-01   1.46196604e-01   4.89293128e-01
    6.14953578e-01   4.62331474e-01   2.26039529e-01  -1.39082730e-01
    3.52582596e-02   2.57466864e-02   4.47414428e-01   5.21456897e-01
   -1.15875244e-01   1.13300033e-01  -1.35817483e-01   2.33983666e-01]
 [ -1.48279220e-01   6.23946548e-01  -1.36307567e-01  -4.17333394e-01
    3.27746421e-02   4.20501262e-01   4.38575625e-01  -8.30765069e-01
    6.37367442e-02   9.71516296e-02   3.20184112e-01   3.82331312e-01
   -3.46449196e-01  -1.84338525e-01   2.01284528e-01   5.60340047e-01]
 [ -1.02565505e-01   6.72874629e-01   1.19745929e-03   9.34349224e-02
    4.87888306e-01   1.96075112e-01   4.11454588e-01  -4.68711495e-01
   -3.30326706e-02   2.17972726e-01   1.51029706e-01   1.60183400e-01
   -6.17516160e-01   8.26151595e-02   6.85572103e-02   4.54769552e-01]
 [  2.11884473e-02   8.63689423e-01   1.89605594e-01   6.88507915e-01
    8.53616714e-01   2.34574959e-01   1.10208958e-01   1.00276478e-01
    1.04231022e-01  -5.03125042e-03  -2.43105799e-01   4.81568545e-01
    3.66060883e-01  -1.64154842e-01  -2.39532337e-01  -1.46545649e-01]]