Alice
[[ -2.43031350e-03  -6.60529554e-01  -6.78839046e-04   6.60549760e-01
    1.91836227e-02   4.42621240e-04  -4.63747419e-04  -4.21205871e-02]
 [ -8.27057939e-03  -5.73672712e-01  -1.49661349e-02   5.73460579e-01
    7.39041343e-02   7.42643792e-03   5.51153757e-02  -4.11317535e-02]
 [  2.13414915e-02  -9.10962105e-01   3.37588601e-02   9.10979807e-01
   -1.39546484e-01  -3.05399988e-02  -8.14959854e-02  -8.93620122e-03]
 [  2.75902828e-04  -7.37507582e-01   8.58641975e-03   7.37732708e-01
   -1.30575029e-02  -5.87962009e-03  -4.89034988e-02  -4.34378535e-02]
 [  4.75209235e-04  -7.22838998e-01   7.72034470e-03   7.22944319e-01
   -1.01347985e-02  -5.30954869e-03  -3.86584513e-02  -4.45294678e-02]
 [ -3.28635972e-04  -7.31681287e-01   5.09781623e-03   7.31737316e-01
   -1.23882515e-03  -3.16946418e-03  -2.57236827e-02  -4.33542840e-02]
 [  5.35765290e-01  -8.68322909e-01  -5.18971868e-03   8.68167698e-01
    1.55436562e-03   3.23463255e-03   2.35803518e-02  -3.69049162e-02]
 [ -6.84819359e-04  -7.04730332e-01   7.11209932e-03   7.04967439e-01
   -1.06687006e-02  -4.32870630e-03  -5.30655757e-02  -3.96779478e-02]
 [  1.67420451e-02  -2.89968312e-01   3.43142301e-02   2.89950520e-01
   -1.07787013e-01  -1.23811606e-02  -4.78833430e-02  -6.42269179e-02]
 [  1.50784869e-02  -2.58207530e-01   3.05991676e-02   2.58258224e-01
   -9.63761359e-02  -1.12621496e-02  -4.15895618e-02  -5.79290725e-02]
 [  1.57250557e-02  -2.70001471e-01   3.19980122e-02   2.69986570e-01
   -1.00623220e-01  -1.17020309e-02  -4.39606383e-02  -6.02602735e-02]
 [  1.61784813e-02  -2.78841943e-01   3.30164880e-02   2.78858513e-01
   -1.03835754e-01  -1.20159686e-02  -4.57133316e-02  -6.19613193e-02]
 [  1.65237188e-02  -2.85122514e-01   3.37585025e-02   2.85101295e-01
   -1.06077977e-01  -1.22505715e-02  -4.68320958e-02  -6.33317679e-02]
 [  1.73163116e-02  -3.00685704e-01   3.55799086e-02   3.00682127e-01
   -1.11700162e-01  -1.27800219e-02  -5.00321314e-02  -6.63248375e-02]
 [  1.69835035e-02  -2.94431776e-01   3.48085724e-02   2.94435680e-01
   -1.09420732e-01  -1.25328358e-02  -4.87985685e-02  -6.50770664e-02]
 [  1.54393520e-02  -2.65025675e-01   3.13832350e-02   2.65039742e-01
   -9.87878367e-02  -1.15221348e-02  -4.30213660e-02  -5.92568107e-02]
 [  1.14215875e+00  -4.85554449e-02   3.05283461e-02  -4.18349832e-01
    1.14796424e+00  -2.10639998e-01   2.80712366e-01  -6.92688748e-02]
 [ -8.07875544e-02  -3.22352280e-03  -3.01753670e-01  -2.24209771e-01
   -2.39356175e-01   2.02532277e-01   1.05309166e-01  -1.31085718e+00]
 [ -6.26634881e-02   9.55992565e-03   1.00691758e-01   1.89087227e-01
    1.33921593e-01   4.46607083e-01   2.57990569e-01   2.70067781e-01]
 [ -2.18137190e-01  -7.56008318e-04  -7.05798045e-02  -2.40670621e-01
    2.89164484e-01   5.09471260e-02   1.05881812e-02  -3.17599885e-02]
 [  3.21326852e-01   1.48419579e-02   2.36953869e-01  -4.91059333e-01
   -3.29581529e-01  -3.93330038e-01   2.77417868e-01  -7.60631144e-01]
 [  1.28159249e+00   1.45270571e-01   1.18713342e-01  -4.17159528e-01
    2.24595860e-01   7.96213970e-02   1.63958222e-02   5.77114284e-01]
 [ -4.51161951e-01  -2.91911932e-03  -5.31059146e-01   1.29905203e-02
    4.73366082e-02  -2.53256112e-01  -3.39548141e-01   3.06161165e-01]
 [ -4.12303270e-05  -9.57215889e-08  -8.43162925e-05  -7.27214137e-05
    6.74639814e-05   2.26722937e-03  -1.16367526e-04   1.36715564e-04]]
Bob
[[ -4.56230063e-03  -3.18133943e-02  -8.23409203e-03  -8.12061690e-03
    1.65294036e-02  -1.32084708e-03   4.23750049e-03   6.50288403e-01]
 [ -5.86249260e-03  -2.86254324e-02  -2.38660909e-02   4.98731213e-04
    2.14747451e-02  -2.80429190e-03   1.43922288e-02   7.23087609e-01]
 [  3.22150486e-03   6.32702485e-02   8.48040264e-03   6.48035388e-03
   -1.21342586e-02   1.83865719e-03  -3.11704958e-03   5.73194087e-01]
 [ -4.65669809e-03  -3.47322114e-02  -2.45848987e-05  -1.58423651e-02
    1.66773889e-02  -2.16879082e-04  -4.28335625e-04   6.10824585e-01]
 [ -4.52535506e-03  -3.28496173e-02  -1.73290307e-03  -1.39297619e-02
    1.62019581e-02  -5.03289513e-04   5.37942804e-04   6.13091469e-01]
 [ -4.48574685e-03  -2.87763607e-02  -5.43320877e-03  -1.02313869e-02
    1.61618758e-02  -7.91165687e-04   2.94518541e-03   6.55330122e-01]
 [ -3.59322637e-01  -1.15256742e-01   5.20568863e-02  -4.07900184e-01
    3.48531120e-02  -1.18732288e-01  -6.26897998e-03   5.04087992e-02]
 [ -4.70021088e-03  -3.41517590e-02   1.03701465e-03  -1.53969098e-02
    1.66586023e-02  -5.76848288e-05  -1.09106244e-03   5.82395792e-01]
 [  1.22300768e-03  -5.73582016e-02   2.97055431e-02  -2.54338011e-02
   -4.36176453e-03  -1.44730684e-05  -2.35939287e-02  -1.04548326e-02]
 [  1.20430428e-03  -5.63732572e-02   2.91235298e-02  -2.49624401e-02
   -4.26492048e-03  -1.28703768e-05  -2.31187195e-02  -1.02826273e-02]
 [  1.24903570e-03  -5.79514317e-02   2.99179237e-02  -2.57062744e-02
   -4.40442748e-03  -2.72463622e-05  -2.37036832e-02  -1.05321147e-02]
 [  1.20498089e-03  -5.70312440e-02   2.94753853e-02  -2.52800491e-02
   -4.29880200e-03  -1.76032772e-05  -2.34095436e-02  -1.04092667e-02]
 [  1.24194659e-03  -5.79583347e-02   2.99512371e-02  -2.56920606e-02
   -4.40238602e-03  -8.59572174e-06  -2.37768497e-02  -1.05555262e-02]
 [  1.27062015e-03  -5.75224012e-02   2.97643356e-02  -2.54858006e-02
   -4.33501601e-03   3.01052114e-06  -2.36742422e-02  -1.05216019e-02]
 [  1.23298203e-03  -5.74037619e-02   2.96175815e-02  -2.53967773e-02
   -4.35699662e-03  -9.13547501e-06  -2.35165637e-02  -1.04557807e-02]
 [  1.20627729e-03  -5.78361824e-02   2.98811309e-02  -2.56480090e-02
   -4.37132176e-03  -8.08618279e-06  -2.36860607e-02  -1.05246156e-02]
 [ -3.21894348e-01  -1.42110167e-02  -4.99789268e-02  -1.10589838e+00
   -3.07448685e-01   2.19070405e-01   4.66245376e-02   9.49888706e-01]
 [ -1.21666610e-01  -1.09227993e-01  -8.18987861e-02  -3.27590317e-01
    1.43101349e-01  -5.66289008e-01   6.85550645e-03  -1.44297872e-02]
 [  1.64138928e-01  -5.94940782e-01  -1.14286982e-01   4.12739486e-01
    1.38114274e-01  -3.68116982e-02   2.87786007e-01   1.23388636e+00]
 [  1.21718720e-01   1.09104104e-01   8.19039047e-02   3.27798426e-01
   -1.43257886e-01  -4.33766276e-01  -3.79389036e-03   1.43812504e-02]
 [  8.89523685e-01   5.05206406e-01  -3.38788062e-01  -8.87798592e-02
    3.99111390e-01  -3.58750559e-02  -5.15636690e-02   1.32666898e+00]
 [ -1.34577677e-01  -5.58076352e-02  -1.44859955e-01   9.23851430e-01
   -2.27561966e-01  -6.55631954e-03   8.17966938e-01   6.64624572e-01]
 [  1.70876831e-02  -1.65819332e-01  -3.25192474e-02   9.66562517e-03
    7.43033946e-01  -4.39585466e-03   4.20771837e-02   1.12891138e+00]
 [  1.95494488e-01  -1.39239037e+00   1.60792530e-01   2.93460518e-01
   -4.29614812e-01   2.75909137e-02  -5.26175834e-02   4.07612026e-01]]
Eve
[[ -1.04026163e+00   9.75817204e-01   8.90062004e-03   5.58759928e-01
   -1.51783034e-01  -1.37658167e+00   7.74836540e-02  -3.56144667e-01]
 [ -1.36636305e+00   1.26151717e+00   1.84527524e-02   1.55622721e+00
   -2.31874466e-01  -1.56005239e+00   3.16607207e-02  -4.01540071e-01]
 [ -4.15422082e-01   4.19329226e-01  -2.17334889e-02  -1.06853105e-01
    9.37016383e-02  -1.37281251e+00  -3.84579948e-03  -3.31102341e-01]
 [ -8.33844304e-01   8.02999258e-01   4.90299985e-03   2.79024005e-01
   -9.71739218e-02  -1.31993008e+00   1.40915453e-01  -3.43623161e-01]
 [ -8.66311610e-01   8.32882404e-01   5.32614533e-03   3.13334912e-01
   -1.08310856e-01  -1.31737208e+00   1.22547880e-01  -3.43669087e-01]
 [ -9.16033328e-01   8.82361829e-01   6.37232140e-03   5.47645390e-01
   -1.21104911e-01  -1.43487453e+00   1.05300501e-01  -3.49755019e-01]
 [  1.09232962e+00   3.51238459e-01  -7.25778639e-02   2.15037727e+00
    6.67534590e-01  -3.06712538e-01  -2.47006476e-01  -5.22197843e-01]
 [ -8.28699291e-01   7.97592580e-01   1.52238947e-03  -5.47305979e-02
   -9.05433819e-02  -1.21757591e+00   1.51335672e-01  -3.36203933e-01]
 [  7.24709570e-01   6.90597355e-01   1.57668546e-01   1.94703150e+00
    2.65253842e-01  -5.63964427e-01   7.03853443e-02   1.52476840e-02]
 [ -7.43530095e-01   2.71953940e+00   1.68071851e-01   1.53266072e-01
   -1.00287395e-02  -1.04290962e+00  -2.17611834e-01  -1.51548997e-01]
 [ -1.67197692e+00   1.82520592e+00   3.05222780e-01  -2.42237002e-01
   -4.83289301e-01  -1.04011822e+00   6.34134375e-03  -1.99256629e-01]
 [ -1.06514549e+00   2.53676844e+00  -1.72353402e-01   3.79330933e-01
   -1.19958773e-01  -7.87385941e-01   2.43390962e-01  -2.42820174e-01]
 [ -2.65140343e+00   2.68093586e+00   4.69238192e-01   2.93994308e-01
   -2.58600116e+00  -9.78946865e-01   1.21333861e+00  -4.77800488e-01]
 [ -4.11250085e-01   6.62979007e-01  -4.33655143e-01  -1.74425334e-01
    1.14599979e+00  -1.08232641e+00  -3.96559358e-01   2.63383090e-01]
 [ -1.52506948e+00   1.50269318e+00   2.21393555e-01   1.59399346e-01
   -6.62379742e-01  -1.10975766e+00   6.27357483e-01  -3.51039926e-03]
 [  1.90751165e-01  -6.29247963e-01   1.17404141e-01  -5.96367002e-01
    6.51575804e-01  -8.99519682e-01  -6.21262431e-01  -1.08765960e+00]
 [  1.31395257e+00   2.32164308e-01   3.41539145e-01   1.63761926e+00
    1.39916635e+00  -6.00863755e-01  -6.96742713e-01  -8.70230272e-02]
 [  8.57555717e-02   3.52818906e-01  -6.73886895e-01  -8.08602348e-02
    1.24703728e-01  -7.55777597e-01  -2.43209213e-01  -1.09052515e+00]
 [  1.72388166e-01  -3.27981502e-01  -1.13062489e+00   8.42040300e-01
   -1.01405092e-01  -2.07418382e-01  -4.81998511e-02  -1.22222915e-01]
 [  6.48110867e-01  -4.87606153e-02  -2.15214416e-01   1.75737917e+00
    4.86680031e-01  -6.37227535e-01  -2.57175956e-02   3.32133502e-01]
 [  8.26427579e-01  -9.86621678e-01  -4.52974856e-01  -6.46308899e-01
    1.96337748e+00  -1.06323946e+00  -7.88368165e-01  -1.26244247e-01]
 [  5.46232164e-01   4.48016375e-02   4.57557291e-01   1.98306108e+00
    8.58516097e-01  -2.82091886e-01   1.43986240e-01   2.33308464e-01]
 [ -3.86636466e-01   1.22133660e+00  -1.20227027e+00   2.28227228e-01
   -1.29271656e-01  -5.71406543e-01   8.19103420e-02  -1.48533778e-02]
 [ -8.75397250e-02   4.18789893e-01  -3.47759691e-03   2.75159216e+00
   -4.60103825e-02  -1.66698909e+00   2.62059141e-02  -2.95054913e-01]]