Alice
[[ -1.30671740e-01  -1.56872556e-01   8.91679227e-02  -1.51409820e-01
    4.72813308e-01  -2.16560196e-02  -6.05673343e-02   8.40891749e-02]
 [ -1.33488610e-01  -1.43608853e-01   1.06154300e-01  -1.47884011e-01
    4.99012083e-01  -1.80901848e-02  -8.80691931e-02   6.20050654e-02]
 [ -1.34980872e-01  -1.40941784e-01   1.06200084e-01  -1.48118764e-01
    4.94685948e-01  -1.81731302e-02  -8.91021118e-02   5.95071241e-02]
 [ -1.38751820e-01  -1.44586623e-01   1.05995215e-01  -1.44845560e-01
    4.96266901e-01  -1.74975954e-02  -8.55478719e-02   6.46138415e-02]
 [ -1.20450296e-01  -1.44554943e-01   1.16659351e-01  -9.06122923e-02
    2.94008702e-01  -1.91990435e-01  -7.61431754e-02  -5.07320315e-02]
 [ -1.33148521e-01  -1.39710099e-01   1.07020006e-01  -1.48708463e-01
    4.85744536e-01  -1.93563085e-02  -8.82348642e-02   5.80372326e-02]
 [ -4.61510643e-02   1.43877029e-01   6.57668561e-02  -2.88978517e-01
    2.32211456e-01  -1.33856654e-01  -8.13988969e-02   5.11288762e-01]
 [ -1.35228530e-01  -1.41815767e-01   1.05720878e-01  -1.47446245e-01
    4.89423126e-01  -1.97188240e-02  -8.65760446e-02   5.97871505e-02]
 [ -1.28001133e-02  -2.20323298e-02   4.07243930e-02   4.50237058e-02
    1.59502506e-01  -7.91330449e-03  -5.36563210e-02   1.20565202e-02]
 [ -1.26952939e-02  -2.18282081e-02   4.04445603e-02   4.47392650e-02
    1.58456519e-01  -7.82794505e-03  -5.32961786e-02   1.19666215e-02]
 [ -1.28243677e-02  -2.20429339e-02   4.07597497e-02   4.51045856e-02
    1.59717768e-01  -7.90956523e-03  -5.37256747e-02   1.20478887e-02]
 [ -1.26701007e-02  -2.17533652e-02   4.03141044e-02   4.45925705e-02
    1.57954410e-01  -7.82577693e-03  -5.31311184e-02   1.19206598e-02]
 [ -1.28053315e-02  -2.20062993e-02   4.07519154e-02   4.50358130e-02
    1.59560785e-01  -7.90349487e-03  -5.36908433e-02   1.20716020e-02]
 [ -1.28697734e-02  -2.21561324e-02   4.09727581e-02   4.53007743e-02
    1.60473302e-01  -7.95864873e-03  -5.39870746e-02   1.21441483e-02]
 [ -1.27614876e-02  -2.19409335e-02   4.06352133e-02   4.49225940e-02
    1.59062788e-01  -7.88986031e-03  -5.35348952e-02   1.20524447e-02]
 [ -1.27467802e-02  -2.19045188e-02   4.05419953e-02   4.48341854e-02
    1.58799201e-01  -7.88928475e-03  -5.34168147e-02   1.20212901e-02]
 [ -4.64831032e-02   9.06973183e-02   7.68918395e-02  -1.36672461e+00
    1.21228443e-02   1.35297865e-01  -7.19793560e-03   4.34751622e-03]
 [ -1.26028404e-01   1.84180999e+00   1.37565121e-01  -1.62801158e+00
    5.90551138e-01   7.84429908e-01  -1.37412474e-01   1.10966578e-01]
 [  6.13032021e-02   1.51668787e-02   2.01840580e-01  -9.41356778e-01
    3.34955454e-01  -1.11062825e+00   1.39580900e-02   9.80947614e-02]
 [ -8.22923064e-01   1.71975009e-02   7.31020033e-01  -8.95183384e-01
    1.18000925e+00  -2.14593440e-01  -5.38108230e-01   3.02783512e-02]
 [ -8.82382691e-02   6.37059212e-02   3.06784868e-01  -1.06459308e+00
    7.75209129e-01  -5.54807365e-01  -8.06008428e-02   9.03522819e-02]
 [ -9.16739553e-02  -2.74147168e-02   1.02902696e-01  -4.69131112e-01
    7.16478825e-01   6.17167532e-01  -4.15432878e-04  -1.69729769e-01]
 [ -2.15721041e-01  -3.20411086e-01   2.54488081e-01  -1.66269851e+00
    7.36635685e-01  -1.66477829e-01  -6.51552677e-01   8.52926970e-02]
 [ -5.34475259e-02   1.37846759e-02  -2.57871300e-02  -8.32054436e-01
    4.46783692e-01   1.72978044e-02   7.01198028e-03  -1.58544874e+00]]
Bob
[[  1.14428960e-01   6.34462899e-03  -1.62617341e-01  -1.60598025e-01
   -1.63088128e-01   1.27794119e-02   1.36753634e-01   2.39319559e-02]
 [  1.22165717e-01   1.36675232e-03  -1.61800817e-01  -1.56615064e-01
   -1.70866072e-01   3.96284554e-03   1.45552754e-01   2.67039631e-02]
 [  1.22365981e-01   1.31638034e-03  -1.60700127e-01  -1.57445163e-01
   -1.71119526e-01   3.81969241e-03   1.46706671e-01   2.70792358e-02]
 [  1.21491261e-01   1.37324771e-03  -1.61926344e-01  -1.61600173e-01
   -1.72932342e-01   3.13798850e-03   1.44872606e-01   2.66068429e-02]
 [  5.47820814e-02   6.94931077e-04  -7.42766485e-02  -1.10407196e-01
   -5.76707087e-02   4.71850671e-02  -2.56089540e-03  -1.18324661e+00]
 [  1.20772071e-01   1.34666928e-03  -1.57632440e-01  -1.56813994e-01
   -1.73495844e-01   7.22396234e-03   1.46204785e-01   2.70314831e-02]
 [ -1.94415355e+00  -1.01158392e+00   5.95959276e-02  -5.86939836e-03
    2.22736187e-02   5.92267253e-02   1.37022600e-01   5.01017720e-02]
 [  1.20237023e-01   1.37256342e-03  -1.60473272e-01  -1.57961071e-01
   -1.72095880e-01   8.48696008e-03   1.44573078e-01   2.68652029e-02]
 [ -2.00781487e-02  -2.19661131e-04  -6.71110395e-03   6.60907384e-03
    5.94724249e-03   3.84136774e-02  -1.22293392e-02  -3.00795771e-03]
 [ -2.04043575e-02  -2.36448803e-04  -6.78267656e-03   6.68246346e-03
    6.05737092e-03   3.89523804e-02  -1.23968506e-02  -3.07010580e-03]
 [ -2.05977969e-02  -2.47179472e-04  -6.84460020e-03   6.75343536e-03
    6.09177537e-03   3.92643511e-02  -1.24797113e-02  -3.05487192e-03]
 [ -2.05514468e-02  -2.28253077e-04  -6.80826511e-03   6.73485780e-03
    6.09795144e-03   3.91720384e-02  -1.24569358e-02  -3.09502752e-03]
 [ -2.03675982e-02  -2.35839572e-04  -6.73758192e-03   6.70720078e-03
    6.05225470e-03   3.89832221e-02  -1.23922154e-02  -3.03206872e-03]
 [ -2.02370733e-02  -2.29320140e-04  -6.69371150e-03   6.62834337e-03
    5.97788021e-03   3.86497006e-02  -1.22831725e-02  -3.02000297e-03]
 [ -2.04718243e-02  -2.39306042e-04  -6.80000661e-03   6.69363607e-03
    6.05546823e-03   3.90397273e-02  -1.24166245e-02  -3.06820963e-03]
 [ -2.01332606e-02  -2.05719582e-04  -6.66944310e-03   6.60041301e-03
    5.95900742e-03   3.84223610e-02  -1.22075882e-02  -2.99653807e-03]
 [  6.29924595e-01   1.37626221e-02  -1.33457243e+00  -9.18616652e-01
   -5.59745967e-01   1.13157582e+00   3.66774589e-01  -9.93503779e-02]
 [  1.43988168e+00   1.67481053e+00  -1.08605921e+00   1.91516891e-01
   -1.10515572e-01   7.12725222e-01  -9.22286585e-02   8.48807842e-02]
 [  1.28272086e-01   3.18016231e-01  -1.51205325e+00  -1.90662757e-01
    2.75363307e-03   1.18621075e+00   3.72035980e-01  -2.30419263e-02]
 [  5.34267351e-02  -1.08386643e-01  -8.95568967e-01  -1.48288503e-01
   -1.24010198e-01   2.45618415e+00  -2.49252338e-02  -1.00301936e-01]
 [ -6.99411903e-05   7.18404772e-05  -1.44386431e-04  -5.22813025e-06
   -3.19401006e-05  -3.29311180e-04   3.97108852e-05   8.38920678e-05]
 [ -5.66505671e-01  -9.53886151e-01  -9.47873712e-01  -1.92262113e-01
   -1.73166960e-01   1.37165618e+00   1.18727982e-01  -4.17940915e-01]
 [ -3.27413350e-01  -2.46672705e-01  -1.45031869e+00  -2.37593018e-02
   -6.01223350e-01   9.10539329e-01   6.03686094e-01  -5.23463339e-02]
 [ -1.05615723e+00  -1.00213432e+00  -9.84398901e-01  -1.14747263e-01
   -2.65469551e-01   1.46417773e+00   1.15958050e-01   1.15992725e+00]]
Eve
[[ -4.69398916e-01  -4.81479079e-01   5.51562190e-01  -1.48826838e+00
    1.41579366e+00  -6.97981119e-01   3.09893429e-01   3.54692996e-01]
 [ -4.26115066e-01  -4.76671666e-01   5.90901971e-01  -1.46770811e+00
    1.39693594e+00  -7.36021996e-01  -2.92741627e-01   3.35163713e-01]
 [ -4.35198247e-01  -4.77553755e-01   5.98040402e-01  -1.46731186e+00
    1.39355695e+00  -7.44834185e-01  -3.08241606e-01   3.32752436e-01]
 [ -4.52360481e-01  -4.79297936e-01   5.98942578e-01  -1.46083426e+00
    1.39788580e+00  -7.36971617e-01  -2.85908580e-01   3.38328809e-01]
 [ -1.98568255e-01  -1.87195241e-01   1.85335889e-01  -9.98529792e-01
    1.03430712e+00  -3.67001623e-01  -1.54044524e-01  -1.99314177e+00]
 [ -4.37871754e-01  -4.78631020e-01   6.12022281e-01  -1.46540785e+00
    1.38825297e+00  -7.46190488e-01  -3.14895362e-01   3.32607627e-01]
 [ -2.00763360e-01   1.71325958e+00   1.08039126e-01  -1.88381433e+00
    4.93313402e-01   3.03446031e+00  -3.36573631e-01   6.87446892e-01]
 [ -4.40661609e-01  -4.78798449e-01   6.04138255e-01  -1.46365225e+00
    1.39178741e+00  -7.44140148e-01  -3.00303429e-01   3.32779467e-01]
 [ -8.98863256e-01   4.09132034e-01   6.26876175e-01  -1.63695323e+00
    1.84099925e+00   2.13362053e-01  -5.67626297e-01  -9.44198146e-02]
 [ -2.15035349e-01  -1.98090017e+00   6.26851439e-01  -4.96043563e-01
    1.75700021e+00  -2.58936095e+00  -8.25168431e-01  -2.41559625e-01]
 [ -7.05046773e-01  -4.61432815e-01   3.33113015e-01  -1.20827210e+00
    2.61604643e+00  -3.46542209e-01  -9.06615019e-01  -1.19102627e-01]
 [ -1.56412438e-01   6.47466719e-01  -4.13067266e-02  -2.03276229e+00
    6.35316432e-01   7.09271789e-01   5.18076122e-02  -3.19477439e-01]
 [ -1.28210887e-01  -1.53898850e-01   2.87747979e-01  -2.22001508e-01
    4.39435571e-01  -8.99845213e-02  -3.84744227e-01   3.31534743e-02]
 [  9.58084881e-01   1.28830278e+00  -7.60257185e-01  -1.46171951e+00
    3.48847955e-01   1.45154178e+00   2.12787822e-01   8.17480013e-02]
 [ -7.21895337e-01   6.48574114e-01   7.85772681e-01  -1.39500952e+00
    2.24087334e+00   1.27719462e+00   1.00994930e-01  -2.24530976e-03]
 [ -4.17929113e-01   1.62871897e+00   9.22577918e-01  -1.87072015e+00
    1.43677950e+00   2.27568865e+00  -1.36204302e+00   1.98462617e+00]
 [ -5.96652389e-01   1.01611531e+00   1.10272336e+00  -9.23438251e-01
    5.52049279e-01   7.78137386e-01  -6.04139864e-01  -1.21670906e-02]
 [ -1.24765053e-01   2.07769680e+00   7.09396601e-02  -1.96449518e+00
    5.16341507e-01   2.54958987e+00  -3.56817357e-02  -1.65899307e-01]
 [ -3.84347618e-01  -6.25883400e-01   3.48327160e-01  -1.97492391e-01
    1.40049100e+00  -1.22188866e+00  -9.57247257e-01   1.76351830e-01]
 [  9.89458188e-02   4.51538414e-01   1.37773648e-01  -9.21529293e-01
    6.91774011e-01   2.93163419e-01   2.97032118e-01   4.31022607e-02]
 [  1.75937414e-01  -1.69919983e-01  -4.49824989e-01  -6.25550091e-01
    4.16565150e-01  -5.72514057e-01  -1.72057912e-01  -3.05878162e-01]
 [  4.32740413e-02   1.35997617e+00   6.85911477e-01  -2.25876451e+00
    1.68624353e+00   2.04915977e+00   5.41544743e-02  -5.71294069e-01]
 [ -3.59194539e-02   1.13371268e-01   1.13344483e-01  -8.47339094e-01
    9.54196274e-01   3.03098083e-01  -2.31819674e-01  -3.99699032e-01]
 [ -4.78152990e-01  -2.01513961e-01   3.82636040e-01  -1.06277835e+00
    9.04024959e-01  -3.89895171e-01  -2.10521519e-01  -2.06280923e+00]]