Alice
[[ 0.0079523  -0.01596587 -0.00954169 -0.02388364 -0.01137082 -0.02031411
  -0.01056419 -0.0168063 ]
 [ 0.01371724 -0.01109743 -0.01424277  0.09899364 -0.03199322 -0.02865951
  -0.01485061 -0.0140092 ]
 [ 0.02977741 -0.01733758 -0.03089432 -0.00901918 -0.00873095  0.10147383
  -0.01084343  0.06605443]
 [ 0.02674575  0.08755315  0.04850215 -0.01352829 -0.00555654 -0.03369507
  -0.0141376   0.06486213]
 [ 0.00775078 -0.01689663 -0.00938917 -0.02489038 -0.01155662 -0.0210567
  -0.01095937 -0.01649767]
 [-0.0448926  -0.01118473 -0.0342872   0.00725915  0.04814847 -0.03810839
   0.05414957  0.08190845]
 [ 0.00771849 -0.01580514 -0.00942179 -0.02472332 -0.01080803 -0.01990234
  -0.0099334  -0.01616297]
 [ 0.00788473 -0.01630104 -0.00988813 -0.02521827 -0.01139097 -0.02018609
  -0.01058455 -0.01573643]
 [ 3.04733109  0.61268181 -2.88410187  0.21996455 -3.10281682  0.07378285
  -2.85319614  1.11260557]
 [ 1.91086948  0.36805341 -2.21732545 -0.09410822 -1.87276018 -0.15545832
  -2.20295691  1.00334358]
 [ 2.61505723 -0.07189627 -2.06980538 -0.05140183 -2.76306701  0.44096938
  -2.41657972  0.48526025]
 [ 2.62789774 -0.15282816 -2.78415871 -0.32217321 -2.9008193   0.12596525
  -3.07258153  1.09049189]
 [ 2.4926405  -0.13023785 -2.10518742  0.40584531 -2.32888198 -0.15182351
  -2.1799221   1.68883252]
 [ 2.38581848  0.13734935 -2.68006086 -0.24665762 -2.48038745 -0.15536362
  -2.64790177  1.05411518]
 [ 2.75402331 -0.10707906 -3.04220605  0.23376177 -2.71184492  0.44443202
  -3.03529382  0.10229996]
 [ 1.5043608  -0.30183068 -1.39511716  0.01836503 -1.24571025 -0.56534845
  -1.18767035  1.37895811]]
Bob
[[  2.26641931e-02  -3.24343727e-03   7.56363617e-03  -2.55461670e-02
   -1.18826954e-02  -2.08620429e-02   8.25615227e-03   1.19733112e-02]
 [  1.70001239e-02  -6.67473022e-03   3.01886816e-02   1.16377510e-01
   -2.65563522e-02  -3.35364565e-02  -3.31726931e-02   1.69252176e-02]
 [  2.19787117e-02  -3.11950129e-03   7.99892377e-03  -2.56083477e-02
   -1.17771653e-02  -2.08501611e-02   8.40212777e-03   1.16197225e-02]
 [ -1.10888988e-01  -2.00911090e-02  -3.88013534e-02  -2.15029549e-02
   -2.78571248e-02  -3.96993570e-02  -2.88960021e-02   3.91187007e-03]
 [  2.16167625e-02  -3.73662426e-03   7.89704919e-03  -2.44476981e-02
   -1.14482511e-02  -2.02661268e-02   8.36416334e-03   1.17390361e-02]
 [ -3.87990996e-02  -3.03215869e-02   4.51929718e-02   1.99035667e-02
    5.72698042e-02   1.07886620e-01   7.39768818e-02  -1.87762210e-03]
 [  2.24878024e-02  -2.93046166e-03   7.75759341e-03  -2.49796864e-02
   -1.16048390e-02  -2.06126869e-02   8.48166086e-03   1.18954182e-02]
 [  2.16324236e-02  -2.63479445e-03   7.50209717e-03  -2.46944241e-02
   -1.11668138e-02  -2.00573895e-02   8.17465689e-03   1.15313809e-02]
 [  8.37318748e-02  -2.11404586e+00   2.43037105e+00  -5.29158860e-02
    2.27499694e-01  -9.64074850e-01   2.23720288e+00   2.75696373e+00]
 [  1.56781524e-01  -2.51791477e+00   2.59019804e+00  -1.23154208e-01
    2.37030283e-01  -8.82559836e-01   2.64390421e+00   2.85967636e+00]
 [  2.33558044e-01  -2.14101458e+00   2.52384567e+00   6.28306940e-02
    5.14449477e-02  -1.04624403e+00   2.26213956e+00   2.05251598e+00]
 [ -5.53226136e-02  -2.79807973e+00   2.88436723e+00   1.18162826e-01
    1.07569635e-01  -8.46959829e-01   2.86646605e+00   2.81947088e+00]
 [ -1.09446041e-01  -2.78857040e+00   2.36433983e+00   1.53856605e-01
   -1.19449454e-03  -7.27970481e-01   2.42839503e+00   2.52429414e+00]
 [ -1.16850687e-02  -2.69039559e+00   2.56534743e+00   1.09242797e-02
   -9.40880120e-01  -9.85756099e-01   2.80662298e+00   2.54066420e+00]
 [ -4.24857996e-02  -2.49668336e+00   2.44352460e+00  -3.65673676e-02
    1.55427665e-01  -8.21956754e-01   2.60607767e+00   2.08743453e+00]
 [ -5.35840057e-02  -2.32687092e+00   2.25573659e+00  -3.72538902e-03
    1.21024445e-01  -1.91175711e+00   2.45670009e+00   2.24395442e+00]]
Eve
[[-2.8158288  -1.97276592  2.95898461 -1.76234937  3.42202258  2.31734133
  -3.37862539  3.66609955]
 [-3.42882395 -3.08709359  3.12548757 -2.30737758  3.05391264  2.52022195
  -3.13235784  3.10383344]
 [-2.9846909  -0.73745054  3.55169201 -0.9056105   3.61891961  1.87523663
  -3.59543395  3.69365001]
 [-3.6768043  -1.80039215  3.40679812 -3.0742588   3.21997213  2.13593745
  -3.65080452  3.52823901]
 [-3.34570575 -1.57045531  3.09992766 -0.12392207  3.7928915   1.81477845
  -3.02889252  3.01045728]
 [-3.54194379 -1.51122642  2.93929338 -1.0658257   3.40293837  3.3892715
  -3.46713829  2.38656807]
 [-3.74733472 -1.99582577  3.19333434 -1.93911564  2.99539208  1.7862103
  -3.62291241  3.67734623]
 [-3.23704147 -1.17651069  3.19786859 -0.76910174  3.45417905  0.85929644
  -3.30375123  3.46945786]
 [-3.66387367 -3.56275439  3.44584417 -1.31575489  3.25518751  2.41090989
  -3.83675933  3.72459459]
 [-3.47759342 -0.88770801  3.18270063 -1.63396251  3.29795814  2.41675186
  -3.5785687   3.20561957]
 [-3.44087005 -0.80147058  3.67393494 -1.58693206  3.29839015  1.48867226
  -3.32764244  3.79189873]
 [-2.94883895 -0.71518946  3.83445311 -3.16875768  3.79157615  2.43832302
  -3.00489593  3.47658134]
 [-3.54949045  0.05168396  3.62711787 -0.67441946  3.47630239  2.73673129
  -3.35000515  3.4065752 ]
 [-3.47206521 -0.00598807  3.65003514 -0.50910896  3.24052668  2.91554356
  -3.26644015  3.39879513]
 [-3.7216208  -0.18720819  3.20960736 -0.73582733  3.47144222  1.90967476
  -3.5169735   3.74136376]
 [-3.5225656  -0.6749683   3.30143642 -0.94813478  3.55765128  2.71658707
  -3.58381891  3.29145551]]