Alice
[[  3.34573374e-03  -3.43642849e-03   4.00559418e-03 ...,   3.19568091e-03
    1.88470213e-03   2.05504312e-03]
 [  3.39681329e-03  -6.80704601e-04   1.76678726e-03 ...,   3.27054295e-03
    2.81722518e-04   3.52970179e-04]
 [  1.06596737e-03   4.23717424e-02   2.46347091e-03 ...,   1.03656622e-03
    5.14576538e-03   4.86199930e-03]
 ..., 
 [  9.11670983e-01  -1.08693707e+00  -8.00017044e-02 ...,   9.80737150e-01
    1.07999969e+00   8.61169755e-01]
 [  1.41593289e+00  -1.46232271e+00   1.07965410e-01 ...,   1.53015435e+00
    1.33974349e+00   1.51122975e+00]
 [  9.78649557e-01  -9.77707207e-01  -1.10905971e-02 ...,   1.09880984e+00
    7.00296402e-01   1.13220036e+00]]
Bob
[[ -1.34567206e-03  -1.08925529e-01  -1.60522514e-03 ...,   1.56862580e-03
   -4.94740903e-03   1.18317292e-03]
 [ -1.30940077e-03  -1.09080426e-01  -1.57413341e-03 ...,   1.53609016e-03
   -5.06408000e-03   1.13834685e-03]
 [ -1.17405015e-03  -1.07758619e-01  -1.44516036e-03 ...,   1.46429904e-03
   -5.44589385e-03   1.02415506e-03]
 ..., 
 [ -1.12658191e+00   9.21079814e-01  -1.15591264e+00 ...,   1.19389236e+00
    1.10188313e-02   1.17936444e+00]
 [ -5.30052483e-01   6.25476360e-01  -9.01319206e-01 ...,   8.08575928e-01
   -6.38864636e-02   8.31977367e-01]
 [ -6.16218686e-01   1.02871597e+00  -8.21916282e-01 ...,   5.32951534e-01
    4.97279987e-02   5.80913484e-01]]
Eve
[[-3.49543238  3.52123332  1.2958076  ...,  3.3648684  -3.46889806
  -3.38298392]
 [-3.54728293  3.31585836  0.88721913 ...,  3.16043997 -3.35304189
  -3.28788114]
 [-3.37662292  3.24239588  2.84859347 ...,  3.52925825 -3.26798844
  -3.48360729]
 ..., 
 [-3.05982065  3.42793751  0.51581699 ...,  3.18209195 -3.4709599
  -3.39519477]
 [-3.42479062  3.11936951  1.05316234 ...,  3.06804585 -3.26047301
  -3.47818422]
 [-3.41285634  3.29948521  0.74585611 ...,  3.11101484 -3.06308985
  -3.30327725]]