Alice
[[  5.88831343e-02  -8.01940784e-02   6.96263388e-02  -5.78157641e-02
   -1.95645783e-02  -6.68517500e-02  -4.12558950e-02  -4.52279299e-02
   -3.48314382e-02  -2.87503809e-01   2.39763153e-03   5.55570703e-04
    2.91790385e-02   4.88182493e-02  -2.83700407e-01  -8.00301209e-02]
 [  7.10019544e-02  -6.94038123e-02   6.67856410e-02  -6.07319921e-02
   -5.91074191e-02  -9.07764658e-02  -3.68615352e-02  -6.41999021e-02
   -4.41651419e-02  -3.08470517e-01  -7.40795722e-03  -3.74895404e-03
    1.87779963e-02   6.95018768e-02  -2.96517283e-01  -7.59653896e-02]
 [ -3.59016694e-02  -5.33487760e-02   5.32532297e-02  -5.24256155e-02
   -1.50450975e-01  -6.08806200e-02   5.09597175e-02  -4.38171662e-02
    5.08607551e-02  -2.72292763e-01  -1.73887759e-02  -8.05623591e-01
   -6.09131157e-02   1.78059433e-02  -2.92525738e-01  -1.40562877e-02]
 [  6.74564242e-02  -7.42970854e-02   8.11023936e-02  -6.35479316e-02
   -5.70104495e-02  -5.50172478e-02  -4.21060026e-02  -5.50058410e-02
   -3.63671966e-02  -3.01810712e-01  -5.34186419e-03  -7.41645508e-03
    2.39858683e-02   4.20644209e-02  -2.92683482e-01  -7.45149776e-02]
 [  6.65528029e-02  -7.18506128e-02   5.34723923e-02  -6.55283332e-02
   -3.14037241e-02  -6.37629703e-02  -4.12159301e-02  -6.67871162e-02
   -4.52857390e-02  -2.83560008e-01  -9.55237262e-03  -8.03928077e-03
    2.48418748e-02   7.07536340e-02  -2.88938075e-01  -7.82235861e-02]
 [  6.30729049e-02  -7.12576509e-02   7.91557431e-02  -6.45217374e-02
   -5.50483838e-02  -6.06384724e-02  -4.12413701e-02  -5.62715642e-02
   -3.97728905e-02  -3.03015620e-01  -2.66571017e-03  -9.20654088e-03
    2.07811389e-02   5.19618876e-02  -2.93395430e-01  -8.05217028e-02]
 [  8.04731622e-02  -7.15666860e-02   4.25029695e-02  -7.06397891e-02
   -9.97969881e-02  -3.35035399e-02  -5.22242785e-02  -8.61307457e-02
   -3.78022268e-02  -3.07000339e-01  -1.31414300e-02  -1.80892535e-02
    2.56724842e-02   4.78687584e-02  -3.00040871e-01  -6.40301481e-02]
 [  6.61442876e-02  -6.46076426e-02   4.54058126e-02  -7.12983310e-02
   -4.02736701e-02  -6.50054961e-02  -3.95883396e-02  -7.73387700e-02
   -5.10517098e-02  -2.83068329e-01  -6.18434651e-03  -1.91619638e-02
    1.80838518e-02   9.05051678e-02  -2.93271869e-01  -8.41462240e-02]
 [  7.57532492e-02  -7.29412362e-02   1.01757869e-01  -6.05556294e-02
   -6.05943650e-02  -5.30759543e-02  -4.31691073e-02  -4.53707650e-02
   -3.38553414e-02  -3.04754049e-01  -9.17226821e-03  -1.55969791e-03
    2.79239696e-02   2.51438152e-02  -2.93642431e-01  -6.57014847e-02]
 [  7.14296848e-02  -6.67938069e-02   7.97658935e-02  -6.74711615e-02
   -3.22883502e-02  -5.65719195e-02  -4.15187143e-02  -5.81133552e-02
   -4.52660955e-02  -2.84457147e-01  -7.98980985e-03  -1.24851009e-02
    2.58360077e-02   6.01609722e-02  -2.91733772e-01  -7.52129704e-02]
 [  7.42667690e-02  -6.29571006e-02   9.43369269e-02  -6.88492283e-02
   -5.12765124e-02  -4.18716371e-02  -4.19981293e-02  -5.69366962e-02
   -4.32001613e-02  -2.87809640e-01  -1.14162462e-02  -1.39457947e-02
    2.40889043e-02   4.61372621e-02  -2.91731000e-01  -7.18880743e-02]
 [  7.43925348e-02  -6.03075325e-02   9.64253321e-02  -6.50972128e-02
   -3.81846614e-02  -6.43022135e-02  -4.01443616e-02  -5.43639772e-02
   -4.53974158e-02  -2.90102869e-01  -1.78122334e-02  -3.94143723e-03
    2.43815091e-02   5.70035949e-02  -2.92695463e-01  -7.36245215e-02]
 [  7.13896230e-02  -7.59244412e-02   2.59771403e-02  -5.91737218e-02
   -6.12914525e-02  -9.64513421e-02  -4.07828316e-02  -7.95290396e-02
   -4.37203683e-02  -3.06703180e-01  -6.73894119e-03  -3.07593192e-03
    2.20138300e-02   8.18421990e-02  -2.94962555e-01  -7.35362247e-02]
 [  1.57920679e-03  -3.89412716e-02   3.02847549e-02  -4.96841297e-02
   -5.79028949e-02  -2.76043843e-02  -4.90146540e-02  -8.29531848e-02
   -3.13452989e-01  -2.80759543e-01  -5.76944090e-02  -2.04165727e-02
    1.36451423e-02   6.16465881e-02  -3.04057509e-01  -4.16918248e-02]
 [  9.04914737e-02  -5.32127991e-02   4.85757068e-02  -7.11637363e-02
   -9.29091722e-02  -6.94459528e-02  -3.82491015e-02  -9.49458405e-02
   -5.04440218e-02  -2.98188031e-01  -1.77635029e-02  -2.06603166e-02
    1.83143374e-02   8.39737505e-02  -3.00203055e-01  -6.68036044e-02]
 [  7.11091310e-02  -6.34451360e-02   5.76961227e-02  -7.15486854e-02
   -5.46444096e-02  -6.50595874e-02  -4.05448116e-02  -7.69121572e-02
   -4.94226180e-02  -2.94338375e-01  -8.83712061e-03  -1.89524200e-02
    1.86114609e-02   8.11468214e-02  -2.98519224e-01  -8.02996531e-02]
 [ -7.06183608e-04   5.37796412e-04   7.95160522e-05  -4.72241401e-04
   -3.26623005e-04  -2.07702746e-04  -4.01453348e-04   6.68592867e-04
    1.64308542e-04   2.07294666e-04   6.11121824e-04  -1.66819285e-04
   -4.00397781e-04   1.98563258e-03   8.80833832e-05  -3.87505861e-04]
 [ -8.29386816e-04   4.54005611e-04  -3.27640628e-05  -5.24812844e-04
   -3.34387383e-04  -1.47920990e-04  -1.98498121e-04   5.48610464e-04
    1.45459446e-04   8.07980905e-05   6.30090130e-04  -1.07365959e-04
   -5.68776333e-04   2.02963920e-03   6.04382076e-05  -5.38989960e-04]
 [ -5.82931505e-04   6.37341174e-04   1.05263774e-04  -4.83589509e-04
   -2.51476245e-04  -1.96332781e-04  -5.15271618e-04   7.62267970e-04
    1.85939498e-04   5.69590520e-05   6.01370470e-04  -1.82578835e-04
   -3.03616020e-04   1.89125375e-03   5.11164471e-05  -2.66072224e-04]
 [ -2.85805290e-04   9.99479671e-04   2.24960429e-04  -4.18705225e-04
   -1.60656564e-04  -3.30822688e-04  -9.42414103e-04   1.15487888e-03
    2.72815552e-04   1.38483214e-04   5.52197802e-04  -2.10066137e-04
    1.13459821e-04   1.73693663e-03   1.01135483e-04   2.87388219e-04]
 [ -5.26444521e-04   6.96642674e-04   9.00284940e-05  -4.64240467e-04
   -2.13193765e-04  -2.47909687e-04  -5.42033755e-04   8.52733094e-04
    2.01702627e-04   1.35120237e-04   6.09900279e-04  -1.63125296e-04
   -2.69736192e-04   1.88380212e-03   4.34875510e-05  -1.56512746e-04]
 [ -5.67942800e-04   7.22606317e-04   6.56451666e-05  -4.39115625e-04
   -2.13838386e-04  -2.16746470e-04  -5.28046279e-04   8.63457390e-04
    2.04765078e-04   8.54854734e-05   6.04845525e-04  -1.48284918e-04
   -2.68897449e-04   1.83484389e-03   1.14627110e-04  -1.16718104e-04]
 [ -6.58989768e-04   5.91559801e-04   9.81857957e-05  -4.85025172e-04
   -2.88300100e-04  -1.96621259e-04  -4.57957998e-04   7.24621583e-04
    1.78274873e-04   1.45980564e-04   5.38781809e-04  -1.78300412e-04
   -3.34749173e-04   1.97787979e-03   1.01103564e-04  -2.85118265e-04]
 [ -3.31679825e-04   9.08720016e-04   1.46722319e-04  -4.45777026e-04
   -1.80434959e-04  -2.88605544e-04  -8.26831849e-04   1.07044086e-03
    2.57887848e-04   1.20252895e-04   5.60989196e-04  -2.15042353e-04
    1.53891469e-05   1.82455720e-03   6.81771126e-05   1.72389933e-04]
 [ -4.95326938e-04   7.28948740e-04   5.94299090e-05  -4.74188942e-04
   -2.30463920e-04  -2.26059259e-04  -6.00257132e-04   8.53302132e-04
    2.13332387e-04   9.36278375e-05   5.62057423e-04  -1.98104040e-04
   -1.88124846e-04   1.90363789e-03   7.30920219e-05  -8.65845941e-05]
 [ -2.54862913e-04   1.01222564e-03   2.28253586e-04  -4.32541303e-04
   -1.50691485e-04  -3.05754249e-04  -9.49177193e-04   1.15966448e-03
    2.75895552e-04   1.52300141e-04   5.38188033e-04  -2.20962756e-04
    1.36318893e-04   1.71631051e-03   1.13429996e-04   3.61872982e-04]
 [ -6.29630871e-04   6.67127082e-04   2.39688525e-05  -4.52815293e-04
   -2.58318760e-04  -1.81839510e-04  -4.37372742e-04   8.42308393e-04
    2.10142083e-04   1.71746462e-04   6.13851356e-04  -1.24210143e-04
   -3.48736678e-04   1.90555921e-03   1.43120458e-04  -1.75152192e-04]
 [ -7.30349100e-04   4.96433699e-04   2.75118400e-05  -4.72967571e-04
   -2.99008418e-04  -1.67341335e-04  -3.10072850e-04   6.72075315e-04
    1.44398990e-04   1.68601910e-04   5.96765545e-04  -1.40596007e-04
   -4.50425112e-04   1.98498997e-03   1.69145322e-04  -4.12727473e-04]
 [ -7.95486732e-04   4.62631288e-04   8.49018670e-06  -4.50428575e-04
   -3.22060834e-04  -1.48535604e-04  -2.64489849e-04   5.48162265e-04
    1.39521435e-04   1.40248681e-04   6.20992156e-04  -1.47073661e-04
   -5.50883356e-04   2.04416038e-03   9.63181374e-05  -5.69353171e-04]
 [ -7.14663591e-04   5.16844331e-04   4.52913628e-05  -4.90633247e-04
   -3.32073600e-04  -2.02576877e-04  -3.60529259e-04   6.23232743e-04
    1.51765373e-04   1.38507748e-04   6.18492661e-04  -1.56698166e-04
   -4.37500625e-04   1.97284739e-03   7.18481606e-05  -4.16994299e-04]
 [ -2.42719805e-04   9.97454743e-04   1.95689106e-04  -4.42260265e-04
   -1.45821134e-04  -3.34431679e-04  -9.82556492e-04   1.15979777e-03
    2.69386626e-04   9.90667031e-05   5.20294649e-04  -2.31595215e-04
    1.34647606e-04   1.73371809e-03   2.43584327e-05   3.25532688e-04]
 [ -9.68950742e-04   2.87001865e-04  -3.13486271e-05  -5.51598147e-04
   -4.26496321e-04  -1.16995085e-04  -5.07809309e-05   3.64874140e-04
    1.04934676e-04   1.26788975e-04   6.30246650e-04  -1.01767284e-04
   -7.32945045e-04   2.13968428e-03   8.18139088e-05  -7.99709524e-04]
 [ -6.39558509e-02  -1.61458459e-02   2.71541297e-01  -8.70041132e-01
   -8.43238175e-01  -1.98456258e-01   1.98856086e-01   2.06788853e-01
    2.56602466e-01   1.03039309e-01  -3.01090896e-01   9.02411491e-02
   -5.96898079e-01  -2.50923574e-01   1.75377712e-01  -1.30100459e-01]
 [ -2.93060005e-01   4.76319343e-01  -1.40001727e-02  -5.44767022e-01
   -5.57585955e-01  -1.29116639e-01  -2.54228383e-01   1.65057957e-01
   -7.61934668e-02   8.76748338e-02  -4.09575701e-01  -5.49649358e-01
    1.16169594e-01  -1.12625867e-01  -1.75200686e-01   3.67052287e-01]
 [ -5.46844490e-02  -1.51728347e-01   2.48017132e-01  -6.21777534e-01
   -1.65137827e-01  -1.65507525e-01   1.36172231e-02   1.08040325e-01
   -4.37947847e-02  -3.64195973e-01  -3.22220653e-01   1.75116226e-01
   -6.30629659e-01   1.34682432e-01   1.15751557e-01  -3.21076423e-01]
 [  2.40297318e-02   1.10881301e-02   1.26335919e-01  -4.40909505e-01
   -4.22966152e-01   5.90909868e-02   4.81373444e-02  -1.65388640e-02
    1.67512875e-02   4.53931764e-02  -1.74874552e-02  -1.25478148e-01
   -4.37426507e-01  -1.64803326e-01  -2.79152635e-02  -3.14866602e-01]
 [ -1.35037797e-02  -2.52106100e-01   2.78192312e-01  -2.71418482e-01
   -5.47347188e-01  -1.80403158e-01  -4.17042938e-05   2.45872941e-02
   -6.20627627e-02  -6.60308897e-02  -1.68410733e-01  -1.31248860e-02
   -2.22496033e-01   1.48721235e-02  -1.08603323e+00  -3.28442127e-01]
 [ -1.21133633e-01  -1.87208131e-01   1.79016903e-01  -4.00453478e-01
   -6.09538615e-01  -6.43109903e-02   3.56446765e-03   5.92164807e-02
    9.91249159e-02   1.55942549e-03  -3.35621417e-01  -1.03025855e-02
   -4.46417689e-01   2.84437776e-01   4.94783342e-01  -4.75542724e-01]
 [ -7.22543476e-03  -2.42701620e-01   2.83185039e-02  -4.70254391e-01
   -6.58988357e-01  -1.54146776e-01   1.06840422e-02   1.32886708e-01
    8.69842619e-02  -5.82058281e-02  -2.72596687e-01   2.20011577e-01
   -1.39492285e+00  -2.69970745e-01   1.85038716e-01  -5.13974786e-01]
 [  4.83475998e-02  -5.04323319e-02  -1.53139964e-01  -4.94876921e-01
   -3.83702695e-01  -3.36991072e-01  -7.83894435e-02  -2.18445867e-01
    3.13569486e-01  -2.98265330e-02   3.06882896e-02  -3.28302830e-02
   -5.88582397e-01  -2.67761588e-01   5.63367605e-01  -2.75189072e-01]
 [  1.74180344e-02  -3.47310126e-01   2.97120452e-01  -2.77701020e-01
   -3.94876063e-01  -3.34108740e-01   8.24065122e-04  -2.42644940e-02
    4.77796458e-02  -6.81649208e-01  -1.90664366e-01   8.41018278e-03
   -2.06127167e-01  -1.37004312e-02  -4.14050698e-01  -3.73771936e-01]
 [  2.50043087e-02  -2.82900929e-01   2.36791611e-01  -5.84488511e-01
   -5.54709673e-01  -1.04024567e-01  -1.19401827e-01  -1.66762784e-01
   -1.08859548e-02   3.42983767e-05  -7.44688928e-01   8.65499768e-03
   -3.32328081e-01  -7.01463968e-02   3.26317757e-01  -3.70165139e-01]
 [  3.78737040e-02  -1.17232867e-01   9.88584384e-02  -4.11391288e-01
   -4.43881243e-01  -8.50093141e-02   6.38069436e-02   6.88484386e-02
   -1.34265256e+00   8.89613759e-03  -1.01433225e-01   1.50240771e-02
   -4.14210469e-01  -9.95297879e-02   1.77764297e-01  -3.45843434e-01]
 [ -7.46833742e-01  -1.21569179e-01   3.30180496e-01  -4.12947059e-01
   -7.41975248e-01  -1.19110174e-01   1.83465958e-01   9.89650413e-02
    2.51056284e-01  -1.09749317e-01  -2.29004160e-01  -4.87396978e-02
   -3.41591179e-01  -1.68112382e-01   1.94289640e-01  -3.02884430e-01]
 [ -3.26213688e-02  -1.23011664e-01   1.47480056e-01  -5.99070370e-01
   -7.18687356e-01  -2.13449210e-01   1.17955036e-01   1.45300329e-01
    1.68258119e-02   3.97522002e-02  -1.05834410e-01   2.41227634e-02
   -2.26809219e-01  -3.37743424e-02   2.12243304e-01  -6.69630915e-02]
 [  2.32424419e-02  -9.91856307e-02   1.51562065e-01  -5.55564404e-01
   -4.70791399e-01  -1.75383210e-01  -6.98783770e-02  -2.23155636e-02
    6.13550134e-02   2.11865660e-02  -2.04041287e-01  -2.70713508e-01
   -3.20012212e-01  -5.17319888e-02   2.84258217e-01  -3.79005045e-01]
 [ -8.47602147e-04  -1.14182532e-01  -3.28490674e-01  -4.96246666e-01
   -5.00601172e-01  -2.08051875e-01   5.06196991e-02  -1.22243099e-01
    9.48218033e-02  -1.05085611e-01  -2.43603960e-01   1.13903895e-01
   -5.50150931e-01   6.38344958e-02   1.61360234e-01  -3.56012285e-01]
 [ -2.08066124e-02  -1.43216312e-01   2.18905061e-01  -6.31331742e-01
   -4.92226422e-01   1.27667233e-01   1.93615168e-01   6.67382419e-01
   -4.52848971e-02   2.35707238e-01  -2.02921927e-01  -7.23246038e-02
   -4.21040714e-01  -2.17152759e-01   1.63871348e-02  -4.51555908e-01]]
Bob
[[  7.08810911e-02  -6.20188238e-03  -3.64836864e-02   6.93265200e-02
    2.83836097e-01   7.49032572e-02   3.74714565e-03  -7.22094774e-02
   -2.87119627e-01  -1.64556969e-02   2.00091470e-02   7.82997608e-02
    1.72056966e-02  -1.83620974e-02   8.42965022e-02   5.67970090e-02]
 [  5.59076406e-02  -1.49742812e-02  -7.03724846e-02   9.29288268e-02
    2.96728879e-01   6.73547462e-02   7.67365396e-02  -7.61320293e-02
   -3.08061302e-01  -1.19502516e-02   1.61270946e-02   7.39813894e-02
    1.16533870e-02  -8.22922867e-03   6.79159760e-02   7.10464418e-02]
 [ -4.58467752e-02  -1.13725848e-02  -8.62026662e-02   2.41432060e-03
    2.92781323e-01  -3.53292078e-02   3.13315950e-02   1.04284935e-01
   -2.72291571e-01  -1.15458602e-02   8.92083906e-03  -3.14733051e-02
   -1.33215794e-02  -7.87366867e-01   4.48749661e-02   6.90844730e-02]
 [  6.86568990e-02  -7.46279163e-03  -7.11815357e-02   5.55872694e-02
    2.92907685e-01   7.61325136e-02   1.83205381e-02  -6.29739240e-02
   -3.01391780e-01  -1.31209558e-02   2.01447327e-02   7.98098966e-02
    1.95012931e-02  -1.24310153e-02   9.28590670e-02   6.22030348e-02]
 [  8.06841031e-02  -9.96749289e-03  -4.82281335e-02   6.79624155e-02
    2.89223760e-01   7.38726780e-02   6.13273457e-02  -7.93654546e-02
   -2.83427954e-01  -5.66645246e-03   1.59294549e-02   7.51530528e-02
    1.70578659e-02  -1.96585376e-02   5.78356646e-02   6.90092668e-02]
 [  6.52155578e-02  -8.80062953e-03  -6.66622594e-02   6.04189113e-02
    2.93596953e-01   7.01589584e-02   4.10467423e-02  -6.88588023e-02
   -3.02677453e-01  -1.39878727e-02   1.76548604e-02   7.72500113e-02
    1.31233595e-02  -1.17193963e-02   8.73428434e-02   6.61308616e-02]
 [  9.83771682e-02  -1.07501717e-02  -1.23788580e-01   4.10105735e-02
    3.00180525e-01   7.94521868e-02   4.03028093e-02  -5.41390702e-02
   -3.06791961e-01  -7.73421163e-03   2.05034539e-02   7.81894773e-02
    3.10828909e-02  -8.92512593e-03   5.23513108e-02   7.10024610e-02]
 [  7.87475631e-02  -9.95493215e-03  -5.09970784e-02   6.78062588e-02
    2.93656409e-01   6.68970942e-02   1.15113579e-01  -8.92759264e-02
   -2.83038139e-01  -7.33039808e-03   1.27044199e-02   6.73777312e-02
    8.17027781e-03  -1.67576671e-02   3.92994955e-02   7.69724771e-02]
 [  6.16489537e-02  -8.84286594e-03  -7.53970519e-02   5.18725812e-02
    2.93733537e-01   8.38297307e-02  -1.77009664e-02  -5.67972064e-02
   -3.04360837e-01  -1.27471285e-02   2.20688526e-02   8.58644024e-02
    2.61278842e-02  -1.23720178e-02   1.16486534e-01   5.44825867e-02]
 [  7.24596977e-02  -8.15345533e-03  -4.46911044e-02   5.53970821e-02
    2.91893035e-01   7.84141421e-02   4.72684614e-02  -7.74106979e-02
   -2.84329146e-01  -8.29857588e-03   1.61315352e-02   7.86525160e-02
    1.75148211e-02  -1.77455097e-02   8.28615427e-02   6.56653270e-02]
 [  6.99001104e-02  -8.26766063e-03  -6.22269213e-02   3.90593000e-02
    2.91942716e-01   8.02299529e-02   3.28060612e-02  -6.88043535e-02
   -2.87677199e-01  -6.95158308e-03   1.72673184e-02   8.05123374e-02
    1.94857884e-02  -1.62618607e-02   9.88552570e-02   6.26929998e-02]
 [  6.10650256e-02  -1.48946485e-02  -4.88364138e-02   6.29654899e-02
    2.92894453e-01   7.66830444e-02   4.84295189e-02  -7.87453875e-02
   -2.89948732e-01  -1.62815105e-03   1.72601007e-02   8.02505761e-02
    1.61642469e-02  -1.86506715e-02   9.72553492e-02   6.26023710e-02]
 [  7.44545758e-02  -1.64294131e-02  -8.16458166e-02   1.05603620e-01
    2.95138478e-01   6.63762093e-02   8.76767710e-02  -7.57559687e-02
   -3.06290865e-01  -1.13437800e-02   1.61386672e-02   7.15085268e-02
    1.68862157e-02  -7.70074269e-03   2.91037131e-02   7.64180273e-02]
 [  8.58792569e-03  -9.05497745e-03  -5.96191287e-02   1.23393079e-02
    3.04521054e-01   5.62470257e-02   1.45079074e-02  -1.11521184e-02
   -2.80895561e-01  -1.12701589e-02   6.22361124e-01   1.32665150e-02
   -1.47075839e-02  -9.56431404e-03   3.14152017e-02   5.07405102e-02]
 [  7.54773468e-02  -1.83699913e-02  -1.05712138e-01   7.29580820e-02
    3.00475657e-01   7.00208396e-02   1.31676912e-01  -7.63520747e-02
   -2.98019350e-01  -3.04924021e-03   1.51442317e-02   6.85092732e-02
    1.36513188e-02  -6.34778757e-03   3.68940383e-02   8.09235498e-02]
 [  7.49849230e-02  -1.11729363e-02  -6.52029812e-02   6.66367784e-02
    2.98712432e-01   6.85045719e-02   1.07174464e-01  -8.29274356e-02
   -2.94163734e-01  -7.37270806e-03   1.42606106e-02   7.03478828e-02
    1.02264229e-02  -1.34102656e-02   5.27382083e-02   7.68298358e-02]
 [ -3.30425646e-05   2.66206305e-04   1.68463346e-04   3.99278157e-04
   -3.88049055e-04  -1.63618301e-03   4.06508334e-03  -6.20651932e-04
   -7.53980567e-05  -2.09485486e-04  -1.71859811e-05  -1.73571624e-03
   -7.09454413e-04  -8.14728555e-04  -7.67818303e-04  -7.25580030e-04]
 [ -3.98882577e-04   6.47801266e-04   4.18072479e-04   2.18402463e-04
   -4.52806475e-04  -1.88253983e-03   5.44935046e-03  -5.74237027e-04
   -3.76993921e-06  -2.17389024e-04  -4.18755080e-05  -2.00900133e-03
   -1.38059142e-03  -1.13043375e-03  -9.16312332e-04  -5.12823230e-04]
 [ -7.36908172e-04   1.13310118e-03   6.94465358e-04   1.01899408e-04
   -3.86354659e-04  -2.10992247e-03   7.31489388e-03  -4.66822763e-04
   -4.06657709e-05  -2.42956827e-04  -4.53093380e-05  -2.26073596e-03
   -2.23382050e-03  -1.57990074e-03  -1.11990154e-03  -1.19410048e-04]
 [ -1.23605030e-04   3.18413717e-04   2.53891078e-04   3.95435374e-04
   -3.21820378e-04  -1.61968381e-03   4.41959221e-03  -6.02984801e-04
   -1.07954562e-04  -2.34398132e-04  -1.56661681e-05  -1.73752767e-03
   -8.47330724e-04  -9.12257063e-04  -7.85412791e-04  -5.87405404e-04]
 [  3.93432783e-05   1.94800668e-04   1.12132606e-04   4.02592530e-04
   -4.44229663e-04  -1.55858998e-03   3.70615697e-03  -6.49100519e-04
   -6.65356638e-05  -1.79395487e-04   1.75496007e-06  -1.65674626e-03
   -5.26016869e-04  -7.25872640e-04  -6.77253061e-04  -7.60924013e-04]
 [ -2.28555917e-04   4.77844762e-04   3.35619407e-04   3.01561377e-04
   -4.12705587e-04  -1.80391455e-03   4.91056917e-03  -6.12068223e-04
    1.72409127e-05  -2.03308809e-04  -2.29599500e-05  -1.91608199e-03
   -1.09433359e-03  -1.00327970e-03  -8.57275503e-04  -5.85308298e-04]
 [ -3.43593827e-04   5.94884565e-04   3.66312481e-04   2.64564616e-04
   -3.76477226e-04  -1.77308801e-03   5.22313453e-03  -5.34463557e-04
   -7.89765036e-05  -2.23800293e-04  -3.64634616e-05  -1.89323386e-03
   -1.28641992e-03  -1.07876933e-03  -8.98142345e-04  -4.91019804e-04]
 [ -6.06518006e-04   8.95314792e-04   6.13794429e-04   1.68412473e-04
   -3.50486924e-04  -2.00926745e-03   6.72897557e-03  -4.84682707e-04
   -7.29354433e-05  -2.49247358e-04  -4.77663634e-05  -2.16278806e-03
   -1.94015924e-03  -1.43672316e-03  -1.03367644e-03  -2.28011617e-04]
 [ -1.16125717e-04   4.01473546e-04   2.43493225e-04   3.44264059e-04
   -3.80332815e-04  -1.74818607e-03   4.40719677e-03  -6.46409870e-04
    2.39411929e-05  -1.82047312e-04  -2.48619799e-05  -1.87950605e-03
   -8.75952363e-04  -8.82678432e-04  -8.11624341e-04  -6.84282510e-04]
 [ -5.86209353e-04   8.73136334e-04   5.00624650e-04   1.64412239e-04
   -3.83286795e-04  -2.00300757e-03   6.63511176e-03  -5.16392640e-04
   -8.35499231e-05  -2.66423507e-04  -3.23627719e-05  -2.11342983e-03
   -1.89821864e-03  -1.43773411e-03  -1.03622267e-03  -2.36412787e-04]
 [ -5.92486875e-04   9.26997338e-04   5.79934334e-04   1.31138309e-04
   -4.45836136e-04  -1.99986016e-03   6.50091982e-03  -4.89975559e-04
   -1.86543293e-05  -2.29079742e-04  -4.28419553e-05  -2.12905183e-03
   -1.87113043e-03  -1.38401974e-03  -9.96296643e-04  -2.46013748e-04]
 [ -3.66417808e-04   6.48144051e-04   4.09629720e-04   2.63151393e-04
   -3.12053511e-04  -1.85113028e-03   5.73638827e-03  -5.78374835e-04
   -1.17169417e-04  -2.51768011e-04  -3.15102370e-05  -1.99448504e-03
   -1.43466773e-03  -1.22083933e-03  -8.87313450e-04  -3.97707772e-04]
 [ -2.42059323e-04   4.94932407e-04   3.35196906e-04   2.79891654e-04
   -4.62238211e-04  -1.73863582e-03   4.72574634e-03  -5.69643045e-04
    3.23937056e-05  -1.98787879e-04  -2.46015261e-05  -1.85792556e-03
   -1.07924466e-03  -9.63383063e-04  -8.65104143e-04  -5.71718847e-04]
 [ -7.09431653e-04   1.07942754e-03   6.31603296e-04   9.69451357e-05
   -3.37425154e-04  -2.10105604e-03   7.22429343e-03  -4.85555676e-04
   -9.84208164e-05  -2.64957518e-04  -5.35551517e-05  -2.25957460e-03
   -2.17810390e-03  -1.56117848e-03  -1.08255539e-03  -1.69518855e-04]
 [ -6.13770681e-04   8.85972579e-04   5.90399199e-04   1.43838857e-04
   -4.20211174e-04  -2.01193709e-03   6.65912777e-03  -5.21059090e-04
   -4.82809228e-05  -2.39628731e-04  -3.50699629e-05  -2.15074630e-03
   -1.90652604e-03  -1.43491977e-03  -1.04028999e-03  -2.80993729e-04]
 [ -4.47861559e-04   7.85652373e-04   4.74864501e-04   2.15467284e-04
   -4.52261127e-04  -1.94034074e-03   5.83640626e-03  -5.29658457e-04
   -2.09385707e-05  -1.96819296e-04  -4.56942835e-05  -2.07649521e-03
   -1.55649497e-03  -1.20584096e-03  -9.97803640e-04  -4.42997436e-04]
 [  4.77440566e-01   9.31377932e-02  -5.41870892e-01   3.19541663e-01
    1.51069283e-01  -3.75089854e-01   1.17648400e-01   3.07579905e-01
   -5.92563860e-02   3.15820485e-01  -2.43069068e-01  -8.05998206e-01
   -2.11188316e-01   2.55799174e-01   3.79571557e-01  -8.12679380e-02]
 [  5.40358663e-01   8.12368989e-01  -4.78231043e-01  -1.30611118e-02
    4.03513342e-01  -3.59403640e-01   5.89243531e-01   1.86964691e-01
    6.44762814e-02   2.85286307e-01  -8.06291252e-02  -1.79450914e-01
   -7.33593404e-01   1.72382593e-01  -6.57152908e-04  -6.67012855e-02]
 [  5.14485180e-01   6.16506301e-02  -4.14592206e-01   1.97253302e-01
    9.22577828e-02  -1.66497856e-01   2.70227224e-01   1.52786493e-01
   -3.98212746e-02   1.48175880e-01  -1.03943102e-01  -1.50711522e-01
   -2.70522475e-01   3.76439244e-02  -3.06590110e-01  -1.04082718e-01]
 [  1.35332555e-01   2.08722129e-01  -7.42886961e-01   9.92442220e-02
    2.18766510e-01  -6.52435347e-02   6.75827920e-01   2.65273780e-01
   -3.58062238e-02   1.85156733e-01  -3.07463352e-02   3.43747586e-02
   -8.78199041e-01  -5.33074234e-03   3.23562743e-03  -4.10351828e-02]
 [  7.01446176e-01   1.82281852e-01  -8.38932171e-02   6.72577322e-02
    2.89216667e-01   1.90397277e-01   7.05673575e-01  -2.01460734e-01
   -3.42146248e-01   4.02521282e-01  -3.97897772e-02   1.37237208e-02
   -2.60245055e-01  -3.20668459e-01   2.05456167e-01   3.80662568e-02]
 [  5.78288317e-01   2.22260669e-01  -4.71649498e-01  -7.62114897e-02
    2.87699670e-01   3.12402099e-02   3.70806813e-01  -5.01820967e-02
   -1.50954556e-02   2.19208226e-01  -5.97018190e-02   2.35392824e-02
   -3.89590740e-01  -4.02131677e-01   3.97623815e-02  -3.97112146e-02]
 [  5.99039853e-01   1.55085117e-01  -4.81180251e-01   1.48241833e-01
    4.36957181e-01  -1.74015731e-01   6.46195933e-02  -6.73599541e-01
   -2.71952283e-02   3.11622858e-01   2.63603758e-02   7.81235993e-02
   -2.43244261e-01   1.07963778e-01   1.87864602e-01   1.03220239e-01]
 [  2.52973914e-01   2.03542069e-01  -6.28746033e-01  -1.07064962e-01
   -1.31103292e-01  -3.73049587e-01   2.33228043e-01   1.62025794e-01
    5.49483038e-02   2.99608111e-01  -2.02745974e-01   3.36156273e-03
   -3.56812477e-01  -9.74913165e-02   2.32567251e-01  -5.65435171e-01]
 [  5.49403429e-01   1.62075862e-01  -4.37758088e-01   1.49012908e-01
    1.53678939e-01  -6.66991696e-02   4.66960937e-01  -5.67614473e-02
    1.30019467e-02   3.17448616e-01   8.56430411e-01  -3.43283601e-02
   -3.78588736e-01   7.58428052e-02   1.21326447e-01   6.26049703e-03]
 [  2.72719324e-01   3.40546727e-01  -3.88622314e-01   3.29715818e-01
    5.85373580e-01  -1.40384398e-02   2.02544734e-01   1.46246795e-03
   -6.63169682e-01   1.86924934e-01   4.68355529e-02  -1.63416471e-02
   -3.66211206e-01  -8.42379779e-03   2.90874898e-01  -2.84670871e-02]
 [  6.30798817e-01   8.77653211e-02  -4.91535783e-01   1.18114583e-01
    1.45799622e-01  -1.50315287e-02   4.67732072e-01   1.50282430e-02
   -1.01267667e-02   6.60927519e-02  -7.25125149e-02   9.27142948e-02
   -2.80101508e-01  -8.70200898e-03   4.27553318e-02   1.37309521e-01]
 [  5.21724701e-01   8.50296691e-02  -4.03548598e-01   2.18516335e-01
    1.04534119e-01   2.29911767e-02   1.79206610e-01  -1.86723888e-01
    5.82186282e-02   2.17008397e-01   1.29247859e-01   1.04725072e-02
   -2.36186013e-01  -1.56860307e-01   1.81622058e-01  -3.04588005e-02]
 [  4.95464802e-01   3.91183943e-02  -4.88100231e-01   1.22911192e-01
    1.99391440e-01  -6.87014312e-02   5.73995233e-01  -3.87421474e-02
    3.98169830e-02   3.22610974e-01   2.50296444e-01  -1.34396046e-01
   -3.03838342e-01   8.82356837e-02   1.69320941e-01   1.22518525e-01]
 [  5.86060345e-01   5.69630452e-02  -5.36049187e-01   1.21996656e-01
   -5.96795790e-02   2.54950315e-01   4.51645494e-01   4.87955481e-01
    1.19429797e-01  -1.03968076e-01   2.19005812e-02  -1.50256634e-01
   -3.76124978e-01   2.99213529e-01   2.62230635e-01  -9.59172621e-02]
 [  2.76311189e-01   2.58908033e-01  -5.53838611e-01   1.84725896e-01
   -8.53692368e-02   1.42475739e-02   2.26222217e-01   6.70533860e-04
   -8.42804238e-02   1.72179580e-01  -6.12493418e-02   1.23939272e-02
   -3.36035192e-01   1.31583009e-02   2.84458935e-01   2.77819876e-02]
 [  7.14878082e-01   1.97613582e-01  -5.88398397e-01   3.09975356e-01
    4.76458937e-01   2.62360163e-02   5.77243745e-01   2.28532597e-01
   -6.94176257e-02   2.28297904e-01  -4.17478681e-02   1.47931263e-01
   -7.24316001e-01   4.81099226e-02  -1.65425986e-02  -1.68647602e-01]]
Eve
[[ -6.63688080e-03  -6.63931549e-01  -6.53219283e-01  -1.24464929e+00
    9.11204100e-01   6.70173585e-01   8.53763461e-01  -8.86938274e-01
   -5.22575416e-02   3.30713429e-02  -4.57150102e-01   3.05310860e-02
   -9.28198636e-01  -8.53339195e-01  -6.86731100e-01   8.57487679e-01]
 [  2.11914591e-02  -6.90714240e-01  -5.73761046e-01  -1.37752569e+00
    1.09775269e+00   6.36149526e-01   8.40096712e-01  -8.88513625e-01
   -6.26760572e-02   2.01444775e-01  -5.53533196e-01   2.28192266e-02
   -1.22128689e+00  -8.60312164e-01  -6.99701548e-01   9.88240242e-01]
 [ -1.56107992e-01  -2.63476938e-01   2.00004563e-01  -5.77692807e-01
    5.23222148e-01  -5.58058694e-02  -9.99251287e-03   9.37721953e-02
    1.24882728e-01   2.94336319e-01  -3.90085518e-01   1.54344249e+00
   -3.85923892e-01  -2.50940591e-01  -2.01946303e-01   2.41325229e-01]
 [ -8.29115137e-03  -6.66911185e-01  -5.37207842e-01  -1.30586255e+00
    1.02285206e+00   7.00584948e-01   8.54179978e-01  -9.02444780e-01
   -5.61203510e-02   1.05474196e-01  -4.98513788e-01   3.82547192e-02
   -1.03486347e+00  -8.74138951e-01  -7.18234360e-01   9.01883543e-01]
 [  2.39876113e-04  -6.72897279e-01  -6.30159259e-01  -1.32481766e+00
    9.87280846e-01   6.96513176e-01   7.93438852e-01  -8.28239441e-01
   -6.19046614e-02   1.73166059e-02  -5.14780700e-01   6.80057239e-03
   -1.07719636e+00  -7.91499555e-01  -6.82404995e-01   8.95948946e-01]
 [ -1.76810846e-02  -6.62297010e-01  -5.43021142e-01  -1.31031871e+00
    1.01842344e+00   6.89252317e-01   8.42672765e-01  -8.82853746e-01
   -5.87234609e-02   1.22120105e-01  -4.99447674e-01   2.88408604e-02
   -1.08346105e+00  -8.60924065e-01  -7.01672316e-01   9.33159947e-01]
 [ -2.16170512e-02  -6.68502212e-01  -4.65894818e-01  -1.40596688e+00
    1.18388534e+00   7.68211007e-01   8.17404270e-01  -8.98129046e-01
   -6.97597191e-02   1.32335246e-01  -5.31859398e-01   2.64088754e-02
   -1.10805237e+00  -8.25418949e-01  -7.39452183e-01   9.12071884e-01]
 [  3.34407133e-03  -6.60144448e-01  -6.09382331e-01  -1.35304415e+00
    1.01584196e+00   7.03817010e-01   7.52850413e-01  -7.79675424e-01
   -6.55373931e-02   2.47702394e-02  -5.24109423e-01  -1.67212486e-02
   -1.19325769e+00  -7.50549853e-01  -6.56481862e-01   9.46945727e-01]
 [  1.34881483e-02  -6.93829536e-01  -4.99534398e-01  -1.29759336e+00
    1.02993226e+00   6.89280093e-01   8.93587649e-01  -9.49426532e-01
   -4.90615778e-02   1.13511898e-01  -5.06927371e-01   5.91382533e-02
   -9.88319516e-01  -9.25383210e-01  -7.49501586e-01   8.72366488e-01]
 [  1.50252823e-02  -6.78444326e-01  -5.68537772e-01  -1.30831623e+00
    9.68727410e-01   7.00519264e-01   8.13772023e-01  -8.44105363e-01
   -5.63324243e-02   2.38259975e-03  -5.09814143e-01   1.15080019e-02
   -1.05995214e+00  -8.27264428e-01  -6.94752991e-01   8.83812368e-01]
 [  8.40849429e-03  -6.88766241e-01  -5.12649894e-01  -1.30172098e+00
    9.93681252e-01   7.21824825e-01   8.15368474e-01  -8.52199376e-01
   -5.39043695e-02   6.31078659e-03  -5.12438416e-01   2.66469177e-02
   -1.04737139e+00  -8.40691268e-01  -7.21483886e-01   8.71116698e-01]
 [  2.18751691e-02  -7.16264129e-01  -5.48292041e-01  -1.32658136e+00
    9.97214973e-01   6.65792465e-01   8.28315079e-01  -8.60355616e-01
   -5.51125370e-02   4.79638875e-02  -5.49275100e-01   2.74817441e-02
   -1.10924947e+00  -8.52227986e-01  -7.09687710e-01   9.02692258e-01]
 [  1.17763784e-02  -6.84163749e-01  -6.23063743e-01  -1.41513062e+00
    1.14568508e+00   6.45025969e-01   8.18779767e-01  -8.81476521e-01
   -7.21044168e-02   2.11890519e-01  -5.56542575e-01   8.76893476e-03
   -1.22699440e+00  -8.17310393e-01  -6.92161798e-01   9.87870455e-01]
 [  3.10692918e-02  -5.63296735e-01  -2.96804875e-01  -1.09352732e+00
    7.85180926e-01   6.45149946e-01   3.66006702e-01  -5.74528754e-01
   -1.53568363e+00   1.07700370e-01  -5.84476531e-01  -2.80662607e-02
   -6.93406105e-01  -5.65653801e-01  -4.52815801e-01   6.98464334e-01]
 [  4.51772064e-02  -7.26271570e-01  -5.11652470e-01  -1.45963168e+00
    1.21352780e+00   6.97823584e-01   7.55524695e-01  -8.18047822e-01
   -7.28154182e-02   1.34356663e-01  -5.99510610e-01  -8.69254174e-04
   -1.34731901e+00  -7.77582645e-01  -7.22419977e-01   9.88717794e-01]
 [  7.35384645e-03  -6.65470362e-01  -5.48117161e-01  -1.38168645e+00
    1.06685483e+00   6.99283600e-01   7.77863503e-01  -8.13805044e-01
   -6.69624135e-02   8.64139721e-02  -5.43755412e-01  -4.69250977e-03
   -1.22493219e+00  -7.88112640e-01  -6.75230086e-01   9.70242500e-01]
 [ -5.34413874e-01   1.22174084e-01  -6.11166796e-03  -1.48925046e-02
    2.04418942e-01  -3.38944614e-01  -2.11349249e-01   2.01188013e-01
    8.70886631e-03   2.50752062e-01  -8.93283933e-02  -3.72810632e-01
    1.25530243e-01  -2.17300542e-02   2.52026826e-01   9.96286124e-02]
 [ -2.95070022e-01   3.18189591e-01   6.59329891e-02   4.04233724e-01
    3.60980332e-02  -7.70363748e-01   3.86481248e-02  -1.68277234e-01
    1.01396270e-01  -1.14919469e-01   1.39051870e-01  -2.83053160e-01
   -1.92308217e-01  -3.13051075e-01   3.33065949e-02   3.86600802e-03]
 [  6.90520257e-02   1.43189237e-01   5.93400300e-01   1.17784329e-01
    2.28598878e-01  -1.06207132e-01  -1.38426259e-01  -1.40994996e-01
   -2.42103310e-03  -1.03285529e-01   2.21571982e-01  -1.71243712e-01
    1.70107231e-01   1.25963196e-01   5.00366151e-01   3.29421088e-02]
 [  1.22843772e-01   2.18733042e-01  -3.25533524e-02  -6.57442033e-01
    4.45727438e-01  -2.88504452e-01  -9.53909531e-02   1.55704886e-01
   -1.80523098e-01   2.15102255e-01  -5.90161867e-02   2.48617247e-01
   -3.98111224e-01  -2.50267655e-01   4.62025881e-01  -5.97006408e-03]
 [  8.31115991e-02   5.47569752e-01  -4.72271703e-02   5.81177510e-02
    1.57444365e-02  -1.65363237e-01   3.65447342e-01  -1.89449519e-01
    1.09557167e-01  -1.45668656e-01  -5.92630208e-02   2.23440498e-01
    1.27264351e-01  -1.93730623e-01   4.88878608e-01  -3.19921598e-02]
 [  8.40645954e-02   2.88771421e-01   3.88094872e-01   7.40330890e-02
   -6.81324229e-02  -2.53825754e-01   1.32332653e-01  -3.11969016e-02
    1.09220698e-01  -3.61510158e-01   2.54316807e-01   2.72658736e-01
    1.06764950e-01  -4.60742915e-04   3.02568853e-01  -1.85566455e-01]
 [  1.85730100e-01  -3.01792752e-02   6.15192503e-02   2.46448740e-01
    2.83193707e-01  -2.81623721e-01   4.49001461e-01  -1.55083805e-01
    6.18014820e-02  -1.91479445e-01   2.47136294e-03  -1.92992300e-01
    1.63371965e-01  -3.67648065e-01  -5.82320809e-01  -4.31774229e-01]
 [  1.19944684e-01   2.73838371e-01   2.64166266e-01   1.77283555e-01
    2.43711278e-01  -4.36646402e-01  -1.68083861e-01  -4.65844013e-02
    4.92207944e-01   2.73231179e-01  -1.98903948e-01   1.22464634e-01
    2.16534615e-01  -1.87815502e-02   7.29770958e-01   3.64758819e-02]
 [ -2.12507993e-01   2.63469458e-01   2.56696288e-02  -7.60088628e-03
    2.91183621e-01  -8.21772963e-02   9.83468667e-02  -2.62371480e-01
   -6.94586158e-01  -3.21931303e-01   2.34151497e-01   6.31999737e-03
    9.27211996e-03  -2.12001652e-01   1.31076738e-01   4.68529761e-02]
 [  1.74450487e-01   1.03548956e+00   8.63880157e-01  -3.57574999e-01
    3.00993681e-01  -9.45188820e-01  -9.39052463e-01   7.73643613e-01
   -1.41915664e-01  -7.81681612e-02  -2.32238695e-01   1.89172730e-01
   -1.73070937e-01   8.90698493e-01   1.20535612e-01   3.70473117e-01]
 [  5.06896675e-02   4.31899399e-01   1.76765308e-01   3.28554302e-01
   -7.95257539e-02  -1.70023784e-01   3.77300270e-02  -1.90747902e-01
    5.84492743e-01  -6.74125254e-01   3.87029171e-01   1.16064444e-01
    5.62318079e-02  -3.99536282e-01  -3.43914218e-02  -3.09058368e-01]
 [  2.97713634e-02  -3.10238868e-01  -1.56148076e-01  -5.93029320e-01
    5.41215301e-01   2.03368291e-01   2.03573972e-01  -3.95507455e-01
   -3.01102549e-01  -2.35158995e-01  -1.66926727e-01   1.12533689e-01
   -4.43652719e-01  -2.92015225e-01  -1.07068256e-01   4.27851915e-01]
 [  1.75071642e-01  -1.59298331e-01   1.79718938e-02   1.29908873e-02
    4.15755838e-01   7.27415010e-02   1.78073660e-01  -1.82387397e-01
    6.66990802e-02  -5.67215562e-01  -2.29365319e-01   1.64930627e-01
   -3.04472987e-02  -2.04369545e-01  -6.31452858e-01   7.23929182e-02]
 [ -2.11875379e-01   2.17610970e-01   1.80052713e-01   1.44280151e-01
    1.55104488e-01  -3.53041112e-01  -1.55835927e-01   2.36270830e-01
   -4.23261002e-02  -5.73012590e-01   4.75673974e-01  -3.72844428e-01
    1.26300722e-01   7.84815252e-02  -3.57392207e-02  -1.04275972e-01]
 [  5.62428162e-02   9.08164918e-01   1.24849939e+00  -4.75235820e-01
    6.32554352e-01  -1.05355799e+00  -1.06623280e+00   8.87399018e-01
    1.46890208e-01   2.93705702e-01  -4.25161839e-01  -1.91478655e-01
   -1.20794363e-01   9.86806214e-01   3.79718214e-01   3.56045246e-01]
 [  3.14304791e-02  -6.35264143e-02  -2.13769704e-01   1.02602713e-01
    4.09714878e-01  -7.56496191e-02   2.02823773e-01  -2.42328823e-01
   -7.01915026e-02   4.81069647e-02   5.62489256e-02  -1.06059074e-01
   -1.23169929e-01  -3.08501035e-01   3.51418853e-01   1.23648703e-01]
 [  3.42977405e-01   1.95231020e-01   1.22630581e-01  -7.46284485e-01
    5.20025015e-01  -1.75310895e-01   2.37354353e-01  -1.41413003e-01
    7.21125230e-02  -3.05820648e-02  -1.71953201e-01  -3.80094871e-02
   -4.18526888e-01  -2.95372993e-01   4.31025177e-01   3.17308635e-01]
 [ -5.17473102e-01   6.52255297e-01   5.62003553e-01   3.72439682e-01
   -1.64695844e-01  -3.62845987e-01  -9.18321669e-01   7.30309784e-01
    1.16581120e-01  -7.79056072e-01  -1.11101739e-01   4.14798021e-01
    1.04973197e+00   8.80158126e-01   3.75408046e-02  -8.42038929e-01]
 [  2.40343332e-01   8.49576667e-02  -7.04623833e-02  -1.92323342e-01
    3.33500117e-01   1.16331406e-01   5.67989191e-03   1.78622648e-01
    6.84998631e-02   2.79332817e-01  -1.76426202e-01  -8.57757926e-02
   -2.02704370e-01  -8.93747434e-02   4.06820923e-01  -1.92932755e-01]
 [ -7.60443285e-02   4.97387320e-01   5.38625002e-01   3.05697471e-01
   -1.69211581e-01  -2.43527278e-01  -2.11719871e-01   3.78977507e-01
    1.04900382e-01  -5.41521490e-01   3.26838672e-01  -1.37722008e-02
    4.89724338e-01   1.69366747e-01   5.60813308e-01  -1.45124465e-01]
 [  9.02300142e-03   1.45443821e+00   1.41493571e+00  -2.83554643e-02
    2.39195660e-01  -8.16393793e-01  -9.45777059e-01   9.92589414e-01
    6.44292459e-02  -7.26344809e-02   4.57903929e-03   8.25803205e-02
   -3.67163658e-01   8.39356303e-01   9.56927478e-01   4.97476667e-01]
 [  1.60774700e-02   4.50565547e-01  -1.54019147e-02   2.09583268e-01
    3.93302679e-01  -3.55101466e-01   9.05368328e-01  -2.94476271e-01
   -9.10865441e-02   3.84082884e-01   9.92883891e-02   8.79957229e-02
    5.74255511e-02   4.97439206e-02   3.89376551e-01   5.87247163e-02]
 [  1.65963531e-01  -6.82056844e-02  -2.52357870e-01  -1.51156560e-01
    4.45563108e-01  -2.57954121e-01   8.07420790e-01  -6.86124921e-01
    1.39432073e-01   1.40073910e-01  -1.33826613e-01   1.72109887e-01
   -1.21987188e+00  -4.09355730e-01  -3.80103558e-01   3.79616976e-01]
 [  1.84951082e-01  -9.42082331e-02  -2.89628685e-01  -3.08156580e-01
    3.57334971e-01   2.97659546e-01  -1.97624281e-01  -1.64603144e-01
   -2.54605919e-01   2.10945204e-01   2.19247043e-02   8.33979622e-02
   -2.20089480e-01  -3.26346397e-01  -2.73678780e-01   2.09538713e-01]
 [ -2.23808050e-01   8.37326109e-01   9.93621051e-01  -4.40301359e-01
    4.58430171e-01  -1.22334027e+00  -6.47988737e-01   8.83942127e-01
   -5.31558171e-02  -1.79018170e-01  -1.60464436e-01  -9.40244570e-02
   -3.51358175e-01   8.61332476e-01   6.71575367e-02   6.12239003e-01]
 [  2.46099398e-01   1.96996927e-01  -1.23880766e-01  -1.06467694e-01
    1.53616846e-01  -3.76053661e-01   7.02250525e-02  -3.03569436e-01
    2.36225963e-01  -4.02417868e-01  -3.19192916e-01   1.32730842e-01
    1.90687686e-01  -2.72328928e-02  -9.72048864e-02  -3.08145173e-02]
 [  5.00192083e-02  -1.06158838e-01  -3.27054828e-01  -4.68347073e-01
    5.83027422e-01   5.33419967e-01   5.73043048e-01  -2.58678049e-01
   -1.17865336e+00   5.44199981e-02  -2.07635731e-01  -2.35152785e-02
   -7.14628875e-01  -2.90848374e-01  -1.82569146e-01   5.76092839e-01]
 [ -1.84357524e-01   2.70842940e-01   1.62655771e-01   1.01238210e-02
    2.42446795e-01  -1.86991155e-01  -1.33850724e-02   6.56297728e-02
    1.89320818e-01   2.32122540e-01  -1.84400514e-01  -9.41951200e-02
    3.55170816e-01   4.31733355e-02   4.05325025e-01   7.62762725e-02]
 [ -2.43017182e-01   2.77225167e-01   3.44901085e-01   3.30242187e-01
   -9.61249620e-02  -3.00721616e-01  -2.30276421e-01   4.55141395e-01
   -4.52226907e-01  -7.63591766e-01   6.09503016e-02  -4.65407148e-02
    8.52020085e-01   2.95577675e-01  -2.13370830e-01  -5.60826778e-01]
 [  1.10656865e-01  -2.28675961e-01  -4.51424807e-01  -5.83540499e-01
    7.78125763e-01   2.94021219e-01   7.95483291e-01  -7.02952266e-01
   -9.83534753e-02  -9.57470462e-02  -1.59429640e-01   1.47671866e+00
   -3.47142965e-01  -5.02078414e-01  -3.26545119e-01   5.46678603e-01]
 [ -5.28093167e-02   1.86224893e-01   2.08842352e-01  -2.45301635e-03
    2.81668723e-01  -2.33822510e-01   6.48398101e-02   1.19829297e-01
    2.51199365e-01   3.04610819e-01  -4.96074259e-02  -1.05016418e-01
    3.08267117e-01   2.83101469e-01   3.37410241e-01   4.27932069e-02]
 [ -1.66311666e-01   9.61816460e-02   8.49822834e-02  -2.13335410e-01
    4.07577902e-01  -2.68996000e-01   6.50379946e-03  -1.72161236e-01
    1.76184613e-03  -2.54769716e-02  -2.38896132e-01   2.98550546e-01
    4.76719216e-02   1.49584129e-01   2.07367316e-01   7.18257725e-02]]