Alice
[[ -1.14818069e-03   1.06802490e-03   1.14902575e-03 ...,   1.12267805e-03
    1.14647881e-03   1.13411131e-03]
 [ -1.19146204e-03   1.15569332e-03   1.24064530e-03 ...,   1.20605819e-03
    1.19713624e-03   1.18101062e-03]
 [ -1.17026560e-03   1.13015040e-03   1.21704536e-03 ...,   1.18271634e-03
    1.17623620e-03   1.17457833e-03]
 ..., 
 [ -1.24923217e+00   1.54512751e+00   1.23199129e+00 ...,   1.48436475e+00
    1.44118595e+00   1.62226760e+00]
 [ -1.33091450e+00   1.46524441e+00   1.69080341e+00 ...,   1.37654161e+00
    1.34525657e+00   1.56260383e+00]
 [ -1.49204290e+00   1.71461058e+00   1.46468270e+00 ...,   1.69029510e+00
    1.44827044e+00   1.65730762e+00]]
Bob
[[ -1.31511115e-04   8.00561451e-04  -2.81927751e-05 ...,   1.80122897e-03
   -4.00796672e-03  -2.71313521e-03]
 [  9.57957935e-04   1.05581549e-03   1.13380596e-03 ...,   9.85404360e-04
   -9.09696973e-04  -9.99684678e-04]
 [  1.09380460e-03   1.19723263e-03   1.25561072e-03 ...,   1.12546328e-03
   -1.03737682e-03  -1.13900786e-03]
 ..., 
 [ -1.34144747e+00   1.63698578e+00   1.53752613e+00 ...,   1.66181242e+00
   -1.51602709e+00  -1.64401436e+00]
 [ -1.41668665e+00   1.46474326e+00   1.29367602e+00 ...,   1.33783638e+00
   -1.45988679e+00  -1.33186257e+00]
 [ -1.35855603e+00   1.40938437e+00   1.33109570e+00 ...,   1.59316421e+00
   -1.46541774e+00  -1.50232804e+00]]
Eve
[[ 3.22149515  2.89692259 -3.13577199 ..., -3.35133243  2.96531796
   2.35113454]
 [ 3.36141229  3.15734959 -2.97328734 ..., -3.20561051  3.09708643
   2.5991981 ]
 [ 2.90810275  2.97246647 -3.05489373 ..., -3.08100843  3.12880278
   2.51395488]
 ..., 
 [ 3.35113764  3.25089669 -2.96105886 ..., -3.17635155  2.91816163
   2.13604927]
 [ 3.40200043  2.94256783 -3.07641578 ..., -3.25322461  3.06526685
   2.27961946]
 [ 3.15570021  3.32032919 -3.19215488 ..., -2.95684052  2.90948176
   2.275244  ]]