Alice
[[ -6.58636242e-02  -3.23889367e-02   2.49829084e-01   1.08066678e-01
    1.07791126e-01   2.04925463e-02   1.42721767e-02   2.50265479e-01
   -2.42014397e-02  -2.50264257e-01  -4.27864820e-01  -2.26261858e-02
    2.01094463e-01  -5.26021123e-02  -4.18594807e-01   1.66950002e-02]
 [ -6.61513731e-02  -3.23514342e-02   2.49859810e-01   1.08108543e-01
    1.07757166e-01   2.22848468e-02   1.44450571e-02   2.50286967e-01
   -2.36520376e-02  -2.50235945e-01  -4.23552513e-01  -2.20438559e-02
    2.01123297e-01  -5.36337905e-02  -4.15951341e-01   1.65561065e-02]
 [ -6.73243180e-02  -3.24667133e-02   2.49838367e-01   1.08103059e-01
    1.07798159e-01   1.96386985e-02   1.36084817e-02   2.50264645e-01
   -2.51381453e-02  -2.50257850e-01  -4.24692720e-01  -2.30672788e-02
    2.01147243e-01  -5.11786975e-02  -4.16861385e-01   1.76743437e-02]
 [ -6.66883215e-02  -3.22915316e-02   2.49878541e-01   1.07965238e-01
    1.07824109e-01   2.58968659e-02   1.50948688e-02   2.50255823e-01
   -2.24140212e-02  -2.50310123e-01  -4.24899817e-01  -1.94532871e-02
    2.00992316e-01  -5.68264015e-02  -4.16862488e-01   1.14805996e-02]
 [ -6.59189448e-02  -3.22857350e-02   2.49871805e-01   1.08056821e-01
    1.07823908e-01   2.38715615e-02   1.48949400e-02   2.50263840e-01
   -2.29342245e-02  -2.50300169e-01  -4.25937533e-01  -2.08718814e-02
    2.01112911e-01  -5.52275553e-02  -4.17344540e-01   1.41129810e-02]
 [ -6.60603568e-02  -3.25202085e-02   2.49832019e-01   1.08264804e-01
    1.07896514e-01   1.85815059e-02   1.34016136e-02   2.50245959e-01
   -2.53720284e-02  -2.50215769e-01  -4.16998208e-01  -2.49225795e-02
    2.01083004e-01  -4.99901958e-02  -4.12081599e-01   2.26839203e-02]
 [ -6.65317625e-02  -3.22932638e-02   2.49872684e-01   1.08089201e-01
    1.07852772e-01   2.33892296e-02   1.46004623e-02   2.50265390e-01
   -2.33826768e-02  -2.50251114e-01  -4.24418271e-01  -2.12077387e-02
    2.01162130e-01  -5.44785522e-02  -4.16005969e-01   1.50281359e-02]
 [ -6.68286607e-02  -3.26125473e-02   2.49779925e-01   1.08103454e-01
    1.07815661e-01   1.43618621e-02   1.25573855e-02   2.50293642e-01
   -2.72669755e-02  -2.50172883e-01  -4.25391763e-01  -2.63096541e-02
    2.01173350e-01  -4.68398556e-02  -4.17020977e-01   2.31106114e-02]
 [ -6.63733035e-02  -3.24857496e-02   2.49709383e-01   1.08052954e-01
    1.07733130e-01   1.83374640e-02   1.35788294e-02   2.50296652e-01
   -2.53595226e-02  -2.50211120e-01  -4.26812053e-01  -2.38354672e-02
    2.01135412e-01  -5.05519882e-02  -4.18122053e-01   1.89578235e-02]
 [ -6.61727041e-02  -3.24223302e-02   2.49831066e-01   1.08174339e-01
    1.07866123e-01   1.95348468e-02   1.38725974e-02   2.50275403e-01
   -2.48338021e-02  -2.50194937e-01  -4.22610134e-01  -2.38593295e-02
    2.01089010e-01  -5.11521399e-02  -4.15119082e-01   2.00085081e-02]
 [ -6.72500208e-02  -3.24076675e-02   2.49745116e-01   1.08034797e-01
    1.07743897e-01   2.16477197e-02   1.42391464e-02   2.50252694e-01
   -2.42240001e-02  -2.50223190e-01  -4.29261297e-01  -2.11964417e-02
    2.01144919e-01  -5.33821769e-02  -4.19335037e-01   1.31432815e-02]
 [ -6.69028312e-02  -3.24847624e-02   2.49777153e-01   1.08126692e-01
    1.07861422e-01   1.92870609e-02   1.36493286e-02   2.50301242e-01
   -2.52192840e-02  -2.50259995e-01  -4.24620390e-01  -2.34327093e-02
    2.01096818e-01  -5.09517603e-02  -4.16584641e-01   1.84423216e-02]
 [ -6.78279102e-02  -3.24666239e-02   2.49841064e-01   1.08134873e-01
    1.07782021e-01   1.93555858e-02   1.34776141e-02   2.50350982e-01
   -2.55838092e-02  -2.50213742e-01  -4.24483061e-01  -2.30727401e-02
    2.01210558e-01  -5.08060046e-02  -4.16253209e-01   1.73039343e-02]
 [ -6.70475811e-02  -3.24633382e-02   2.49706402e-01   1.08006924e-01
    1.07742243e-01   1.87166370e-02   1.35866450e-02   2.50201881e-01
   -2.53862273e-02  -2.50236094e-01  -4.29150343e-01  -2.27941126e-02
    2.01102182e-01  -5.10543436e-02  -4.19321984e-01   1.56204160e-02]
 [ -6.56722710e-02  -3.23899351e-02   2.49815255e-01   1.08110957e-01
    1.07801527e-01   2.03042738e-02   1.42518776e-02   2.50305533e-01
   -2.42961012e-02  -2.50231236e-01  -4.27000612e-01  -2.29650978e-02
    2.01146334e-01  -5.23513369e-02  -4.17991161e-01   1.77349169e-02]
 [ -6.74285665e-02  -3.24946642e-02   2.49740914e-01   1.08056992e-01
    1.07711822e-01   1.86416470e-02   1.34627977e-02   2.50247300e-01
   -2.55409628e-02  -2.50191897e-01  -4.27015573e-01  -2.32287329e-02
    2.01187223e-01  -5.05983047e-02  -4.18237656e-01   1.69485528e-02]
 [ -1.16940737e-05  -7.11075263e-05  -6.86458952e-05  -8.36269828e-05
   -9.44603307e-05  -1.95953457e-04  -2.44177325e-04  -5.10790305e-05
   -4.86798417e-05   5.81498534e-05  -2.23216019e-03  -5.30856087e-05
   -7.85248994e-05   6.87177817e-05  -2.77680319e-05  -1.45326107e-04]
 [ -1.78542359e-05  -3.88158951e-05  -4.60971933e-05  -8.11950522e-05
    2.59981789e-06  -9.10147864e-05  -3.08365037e-04  -6.32158553e-05
   -8.47097999e-06   7.31576292e-05  -2.22004717e-03  -8.41928431e-06
   -2.90096323e-05   9.05895722e-05  -3.74716456e-06  -1.45158294e-04]
 [ -1.14228169e-05  -7.41530603e-05  -1.80953384e-06  -1.33526322e-04
   -2.64466107e-05  -1.75469235e-04  -2.03538264e-04  -3.72381437e-05
    9.32789953e-06   3.61429666e-05  -2.26774300e-03  -6.46230546e-05
    1.07648593e-05   7.10106033e-05  -4.75830075e-06  -1.52626177e-04]
 [ -1.22378897e-05  -8.26025716e-05   3.14654135e-05  -1.22105674e-04
   -1.92294356e-05  -1.00771744e-04  -2.85648304e-04  -9.22103936e-07
   -3.78276718e-06   6.68511275e-05  -1.94468559e-03  -7.49227183e-05
   -3.39081498e-06   9.10654344e-05  -7.15915812e-05  -1.29531982e-04]
 [ -6.51033843e-05  -1.15049130e-04   7.25293212e-05  -1.38113639e-04
   -8.59515785e-05  -1.38885560e-04  -2.68539850e-04  -3.20522158e-05
    2.94950114e-05   3.30263647e-05  -2.42946832e-03  -9.68339882e-05
   -1.01280275e-04   4.60120536e-05  -7.74262298e-06  -1.34400703e-04]
 [  4.75437173e-06  -2.70380224e-06   1.92950210e-05  -1.97604808e-04
   -4.98992522e-05  -1.35994705e-04  -3.19495593e-04  -8.32041842e-05
    7.45558500e-05   7.26819926e-05  -2.16654036e-03  -3.11248768e-05
   -4.81490206e-05   1.11009591e-04  -8.58235508e-05  -2.22586299e-04]
 [ -2.83479676e-05  -8.93834076e-05  -1.28362281e-05  -1.56229406e-04
   -9.97811367e-05  -9.32969851e-05  -2.03184623e-04  -3.45506160e-05
   -4.57286660e-07   6.05819587e-05  -2.21149344e-03  -8.78505816e-05
   -2.45371102e-05   8.49422358e-05  -4.72849024e-05  -1.39467098e-04]
 [ -9.46525324e-06  -3.85941021e-05  -4.30910295e-05   2.23402026e-06
   -4.28532039e-05  -1.32291811e-04  -2.76051578e-04  -5.65874034e-05
    1.17594000e-05   8.34839593e-05  -2.22092913e-03  -2.52707123e-05
   -5.38622626e-05   8.60087603e-05  -4.64491313e-05  -1.67615537e-04]
 [ -4.25542239e-05  -3.35036348e-05   3.41450541e-05  -1.39099226e-04
    1.63397963e-05  -8.66976989e-05  -3.12486547e-04  -8.02044815e-05
    1.82675421e-07   5.41459813e-05  -2.31831823e-03  -2.94741476e-05
   -6.98347212e-05   9.87879903e-05   4.97463952e-06  -1.22514975e-04]
 [ -4.14631722e-05  -6.76359850e-05   7.69326789e-07  -1.71330001e-04
   -3.48182330e-05  -1.19964629e-04  -2.41814778e-04  -3.79568373e-05
   -6.35770557e-05   1.74594334e-05  -2.14007637e-03  -8.80707230e-05
   -5.09057281e-05   3.95989518e-05  -3.31099036e-05  -1.30742716e-04]
 [ -5.82199755e-05  -5.52480051e-05   1.69945015e-05  -1.59912568e-04
   -8.09796329e-05  -1.29920925e-04  -2.69798329e-04  -4.08071719e-05
   -2.88431438e-05   8.43614471e-05  -2.53003859e-03  -5.15730426e-05
   -8.55049948e-05   6.45689797e-05  -5.83447618e-05  -1.15470750e-04]
 [ -3.42607236e-05  -4.75461857e-05  -3.39926664e-05  -2.18032015e-04
   -1.63775883e-04  -8.00492562e-05  -2.82672059e-04  -4.83761069e-05
   -3.91567482e-05   6.50540387e-05  -2.31259223e-03  -4.62307835e-05
   -8.44094247e-05   6.50869697e-05  -1.20518554e-04  -1.71480278e-04]
 [ -5.26546391e-05  -9.35000498e-05   2.41814159e-05  -8.81617671e-05
   -1.11451693e-04  -1.19324541e-04  -3.19880521e-04  -4.36176015e-05
    4.65980884e-05   4.03993763e-05  -2.13852338e-03  -6.49466092e-05
   -5.40964647e-05   9.82354977e-05  -2.81781467e-05  -1.87711470e-04]
 [ -4.53733592e-05  -7.92419742e-05   3.57552199e-05  -1.14693481e-04
   -9.01077437e-05  -8.52302474e-05  -2.77707615e-04  -5.38433633e-05
    3.17695594e-05   8.50018696e-05  -1.94256974e-03  -4.79722912e-05
   -1.57662580e-05   1.10651752e-04  -6.00096682e-05  -1.34210641e-04]
 [ -6.58412027e-05  -9.65991494e-05   6.78047991e-06  -1.42082295e-04
   -7.17993244e-05  -1.45054466e-04  -2.80332519e-04  -6.03106309e-05
    2.32428647e-06   7.22796758e-05  -2.43215542e-03  -4.04843558e-05
   -6.61328013e-05   8.70660442e-05   2.95503141e-05  -2.09559454e-04]
 [ -1.32747600e-05  -5.35096333e-05  -1.45456752e-05  -5.98375955e-05
   -6.54543037e-05  -1.54151829e-04  -2.69773154e-04  -7.91492712e-05
    2.69571810e-05   8.58716739e-05  -1.80224795e-03  -3.91815920e-05
   -7.37867958e-05   9.79736360e-05  -6.85440828e-05  -1.84693228e-04]
 [  3.02180588e-01   6.49570167e-01   1.92608386e-01   3.72474730e-01
   -1.58548936e-01   3.47106867e-02   6.78605214e-02   2.35286906e-01
   -1.12304315e-01   1.36684477e-01  -6.22616410e-02   1.80502415e-01
    6.86831176e-01   3.49031031e-01   1.84953883e-01   4.76324916e-01]
 [  2.91155905e-01  -7.55617172e-02   3.71020436e-01   4.53873992e-01
   -9.65692922e-02   5.64368963e-01   4.21162546e-01   2.25096628e-01
    1.14856482e-01   1.83597967e-01  -4.44373935e-02  -7.76652396e-02
    3.81174296e-01  -1.35333106e-01   4.50834930e-02   2.49149740e-01]
 [ -2.41835602e-04   8.22247704e-04   3.69035900e-02   1.63279250e-01
    3.77258435e-02   2.87366897e-01  -2.27198307e-03   1.43953547e-01
    1.99601762e-02   2.55335301e-01   8.93384498e-03   1.33316163e-02
    1.77511368e-02   1.50514854e-04  -9.40031052e-01   2.96890229e-01]
 [  1.45541146e-01   1.88562945e-02   2.63168514e-01   3.19903910e-01
    1.27325729e-01   8.10514614e-02  -2.27278784e-01   2.68235564e-01
    8.11994821e-02  -2.38701880e-01   1.72403362e-02  -6.05945438e-02
    2.36056209e-01   2.21417248e-01  -6.47219317e-03   2.54897505e-01]
 [ -3.17793190e-02   7.11147785e-02   2.68687516e-01   4.20048326e-01
    6.36661351e-02   4.41383839e-01  -2.76224226e-01   3.37940425e-01
    1.75900280e-01   3.46568823e-02   4.10224274e-02   3.87799479e-02
    2.45542467e-01  -6.81760311e-02  -1.89746186e-01   8.18134025e-02]
 [ -5.47692587e-04  -1.40687008e-03   4.34156954e-02   3.94412220e-01
    3.02982390e-01   5.23762882e-01   4.41644993e-03   2.38630995e-01
   -4.16826941e-02   2.18694493e-01  -1.75624993e-02  -4.39627260e-01
    2.07063466e-01  -7.19107411e-05  -2.76268721e-01   5.46105742e-01]
 [  2.49401942e-01  -5.99354282e-02   3.79396558e-01   2.42056981e-01
   -8.91759515e-01   2.55322099e-01   3.16406041e-02   3.31271797e-01
    1.44795299e-01   1.49658546e-01  -1.67557582e-01  -6.97212815e-02
    2.51321405e-01   2.20182482e-02   2.68096719e-02   3.63235772e-01]
 [  1.29640356e-01  -1.69028625e-01   2.20176443e-01   5.14024258e-01
   -4.32360888e-01   2.07135871e-01  -2.18499377e-01   4.52645153e-01
    1.60777792e-01   1.35960355e-01   2.98407942e-01  -7.04390854e-02
    2.71020114e-01   1.75446600e-01  -1.58532560e-02   1.60171106e-01]
 [  3.07107866e-01   1.10411167e-01   2.57071674e-01   5.57964265e-01
   -5.64719141e-01   1.54124931e-01  -3.28545958e-01   2.80757666e-01
   -1.07405476e-01   3.66312534e-01  -4.34829630e-02  -1.28228590e-01
    1.08870178e-01   1.71541318e-01  -4.45213109e-01   2.71833748e-01]
 [  5.04521988e-02   3.56074702e-03   2.87169337e-01   3.64082783e-01
   -5.52962348e-03   4.75693285e-01   1.63093194e-01   2.23863363e-01
   -9.36390832e-02  -2.00394616e-01   1.51509782e-02   1.13306172e-01
    3.43006581e-01   5.94788184e-03   2.84230858e-01   1.51522681e-01]
 [ -5.20743895e-04   5.30269854e-02   4.55376893e-01   4.77408201e-01
    1.20474726e-01  -6.60630539e-02  -4.65249643e-02   2.60992914e-01
    1.14087902e-01  -1.87599629e-01  -3.53765878e-04  -7.91089907e-02
    7.67963290e-01  -4.18136194e-02   1.13659039e-01   6.07205704e-02]
 [ -2.71538884e-04   5.33555029e-03   4.46783394e-01   1.03535461e+00
    7.56752968e-01   8.24100614e-01  -4.94927773e-03   3.34004134e-01
    8.25605839e-02   3.54730576e-01   2.92705707e-02  -4.61435258e-01
    5.52934468e-01  -8.82705644e-05   1.28058037e-02   6.25939012e-01]
 [  3.12381387e-01   9.81511176e-03   3.47072445e-02   5.82111657e-01
   -1.72538713e-01   3.31438929e-01  -3.45928371e-01   5.10227382e-01
    1.33850917e-01   3.25347960e-01  -6.64607957e-02  -7.00484365e-02
    1.88956931e-01   4.37207162e-01   1.19456336e-01   2.17529789e-01]
 [  6.77061006e-02   1.13198198e-01   1.92944393e-01   3.70620906e-01
   -4.16824579e-01   2.55652308e-01   1.65093109e-01   2.75786787e-01
    2.60672063e-01   3.02513540e-01   8.87988415e-03  -7.07245231e-01
    4.86898839e-01   4.11169499e-01  -1.20225675e-01   4.58579808e-01]
 [  3.17814499e-01   1.87660858e-01   1.59218371e-01   8.97257105e-02
   -5.31200826e-01   2.52210170e-01   2.30244584e-02   9.95250791e-02
   -2.37483636e-01   6.71031326e-02   1.07081965e-01   6.14101104e-02
    3.98670226e-01   1.03429273e-01   2.21730903e-01   5.74733377e-01]
 [ -4.99070361e-02  -5.42455390e-02   7.11672306e-01   3.30394000e-01
    1.14938118e-01   2.37181678e-01  -1.19992137e-01   4.98656154e-01
    2.72051562e-02  -1.55663297e-01   1.10249780e-02  -1.05194055e-01
    1.75063089e-01   3.60038280e-02  -1.51969735e-02   3.99241924e-01]]
Bob
[[ -3.74023318e-02   3.37543860e-02  -4.19203043e-01   4.16999049e-02
   -1.95468180e-02   1.98321730e-01  -3.48602943e-02  -1.28786974e-02
    3.13210785e-02   2.49712884e-01   2.50161171e-01   1.13863774e-01
   -2.66885813e-02  -3.12779732e-02  -3.03962808e-02  -2.50131786e-01]
 [ -3.69670019e-02   3.32008973e-02  -4.16523159e-01   4.36184220e-02
   -1.89228561e-02   1.98238611e-01  -3.49264368e-02  -1.30670117e-02
    3.13072018e-02   2.49806955e-01   2.50177562e-01   1.13860145e-01
   -2.70876382e-02  -3.21257636e-02  -2.97839046e-02  -2.50223994e-01]
 [ -3.64130214e-02   3.60285752e-02  -4.17412728e-01   4.19169255e-02
   -2.06592176e-02   1.98311672e-01  -3.56301852e-02  -1.30930031e-02
    3.00702397e-02   2.49700382e-01   2.50215828e-01   1.13817684e-01
   -2.59173028e-02  -3.12956832e-02  -3.00963894e-02  -2.50224859e-01]
 [ -3.49484570e-02   3.12405210e-02  -4.17405277e-01   4.77010235e-02
   -1.32788569e-02   1.98271647e-01  -3.36619727e-02  -1.30781168e-02
    3.24423201e-02   2.49861136e-01   2.50166267e-01   1.13870941e-01
   -2.94482391e-02  -3.51040699e-02  -2.88126953e-02  -2.50196964e-01]
 [ -3.64158824e-02   3.17342877e-02  -4.17937309e-01   4.50745299e-02
   -1.62695497e-02   1.98259622e-01  -3.41808796e-02  -1.29565755e-02
    3.21732610e-02   2.49810472e-01   2.50116676e-01   1.13862239e-01
   -2.82899477e-02  -3.32748853e-02  -2.95513198e-02  -2.50207633e-01]
 [ -3.87897305e-02   3.59011628e-02  -4.12672549e-01   3.96334603e-02
   -2.54694950e-02   1.98256999e-01  -3.66352350e-02  -1.31241065e-02
    2.95762680e-02   2.49737158e-01   2.50204772e-01   1.13852173e-01
   -2.44196877e-02  -2.90762931e-02  -3.07760686e-02  -2.50211537e-01]
 [ -3.61490138e-02   3.28132957e-02  -4.16594535e-01   4.49819267e-02
   -1.71814375e-02   1.98197842e-01  -3.46259885e-02  -1.30703142e-02
    3.15311961e-02   2.49746099e-01   2.50274986e-01   1.13805346e-01
   -2.77895872e-02  -3.31456326e-02  -2.94363368e-02  -2.50223637e-01]
 [ -3.85918431e-02   3.89721431e-02  -4.17607367e-01   3.60450000e-02
   -2.70820912e-02   1.98290661e-01  -3.69661711e-02  -1.28714228e-02
    2.86523644e-02   2.49675632e-01   2.50151724e-01   1.13781460e-01
   -2.30914801e-02  -2.76076216e-02  -3.16818133e-02  -2.50182986e-01]
 [ -3.77026163e-02   3.57621424e-02  -4.18773025e-01   3.98867317e-02
   -2.21916772e-02   1.98260590e-01  -3.57084647e-02  -1.29170418e-02
    3.02726123e-02   2.49670565e-01   2.50256181e-01   1.13808863e-01
   -2.54144110e-02  -3.00792195e-02  -3.08093354e-02  -2.50174701e-01]
 [ -3.79579701e-02   3.51525098e-02  -4.15666938e-01   4.08359133e-02
   -2.27628406e-02   1.98258251e-01  -3.58863659e-02  -1.30635230e-02
    3.02629340e-02   2.49758080e-01   2.50247121e-01   1.13839000e-01
   -2.54033878e-02  -3.02327499e-02  -3.04580033e-02  -2.50208288e-01]
 [ -3.52165289e-02   3.43512483e-02  -4.19896424e-01   4.40759175e-02
   -1.60556100e-02   1.98303655e-01  -3.43319625e-02  -1.29255643e-02
    3.13803181e-02   2.49752894e-01   2.50130624e-01   1.13774568e-01
   -2.77941413e-02  -3.31799388e-02  -2.97758114e-02  -2.50124931e-01]
 [ -3.68884206e-02   3.59565988e-02  -4.17119443e-01   4.12335955e-02
   -2.14205682e-02   1.98348492e-01  -3.57369892e-02  -1.30328666e-02
    3.01207174e-02   2.49775961e-01   2.50200659e-01   1.13850735e-01
   -2.56579537e-02  -3.07761356e-02  -3.03773414e-02  -2.50196993e-01]
 [ -3.58829536e-02   3.67940255e-02  -4.16870505e-01   4.19908017e-02
   -2.03910191e-02   1.98232785e-01  -3.56481522e-02  -1.30966464e-02
    2.98119262e-02   2.49722436e-01   2.50188023e-01   1.13780715e-01
   -2.59175412e-02  -3.15145850e-02  -3.00904382e-02  -2.50228792e-01]
 [ -3.61363217e-02   3.60523276e-02  -4.19987351e-01   4.10348065e-02
   -1.91368554e-02   1.98361650e-01  -3.49848606e-02  -1.28203537e-02
    3.06538604e-02   2.49796450e-01   2.50171542e-01   1.13833509e-01
   -2.63458490e-02  -3.13356407e-02  -3.06036975e-02  -2.50132054e-01]
 [ -3.77624966e-02   3.38142700e-02  -4.18658584e-01   4.13693339e-02
   -2.05517989e-02   1.98246509e-01  -3.51055339e-02  -1.29033187e-02
    3.11689693e-02   2.49747902e-01   2.50159472e-01   1.13795370e-01
   -2.63262689e-02  -3.08467392e-02  -3.04816179e-02  -2.50188351e-01]
 [ -3.62427719e-02   3.66462432e-02  -4.18796897e-01   4.10518385e-02
   -2.03152504e-02   1.98321953e-01  -3.54219005e-02  -1.29340841e-02
    3.01185623e-02   2.49668539e-01   2.50205100e-01   1.13821089e-01
   -2.58747302e-02  -3.11373640e-02  -3.04470491e-02  -2.50158697e-01]
 [  2.62065209e-04   1.85005134e-04   2.28641766e-05   2.28353310e-04
   -7.23443300e-05   8.88973591e-05  -1.28101790e-04  -2.27563687e-05
    5.87652721e-05   1.56837661e-04  -2.24323579e-04   5.41339359e-05
   -2.50406534e-04   2.19912690e-04  -1.45867132e-04  -1.81583076e-04]
 [  2.84670299e-04   2.25152384e-04   3.47376863e-06   2.62059853e-04
   -1.10372581e-04   1.06672924e-04  -1.60737909e-04  -1.35467299e-05
    7.04895065e-05   1.87231315e-04  -1.90725768e-04   1.00677571e-04
   -2.50883226e-04   2.07896039e-04  -1.38234464e-04  -1.83821685e-04]
 [  3.52914212e-04   2.14097861e-04  -2.10417747e-05   2.69961602e-04
   -5.06618380e-05   8.61293447e-05  -1.02351551e-04  -2.80004970e-05
    4.33654932e-05   1.74064087e-04  -1.94431559e-04   1.06438492e-04
   -2.37303146e-04   2.44758732e-04  -1.63807621e-04  -1.79500435e-04]
 [  2.93849589e-04   1.47819199e-04   2.77406762e-05   2.24062125e-04
   -6.00754938e-05   8.78404971e-05  -1.00694742e-04   1.38414271e-05
    7.33260022e-05   8.06363169e-05  -2.94865778e-04   1.05370964e-04
   -2.56829255e-04   2.23464944e-04  -1.00174446e-04  -1.47196013e-04]
 [  2.86476017e-04   1.99137779e-04   4.03770173e-05   2.71339028e-04
   -7.35787326e-05   1.38913179e-04  -1.71112741e-04  -3.37122256e-05
    7.60886542e-05   2.62154557e-04  -1.44122139e-04   1.11361209e-04
   -2.72276346e-04   2.04590397e-04  -1.77051581e-04  -2.50636018e-04]
 [  2.91107543e-04   1.39596785e-04   7.83672949e-05   2.77200539e-04
   -4.44399993e-05   1.29989799e-04  -1.38091142e-04  -1.96170986e-05
    6.27281042e-05   2.08394616e-04  -1.72386150e-04   1.10787150e-04
   -2.95774109e-04   2.03024741e-04  -1.10229390e-04  -1.97912028e-04]
 [  3.18670733e-04   1.95798872e-04   1.33846088e-05   2.70942372e-04
   -5.02730327e-05   1.52110326e-04  -8.93748220e-05  -8.67207928e-06
    5.60348308e-05   1.37215495e-04  -2.28334131e-04   1.41208817e-04
   -2.27808836e-04   2.66709190e-04  -1.05498999e-04  -1.59087460e-04]
 [  2.81238375e-04   2.34656924e-04   6.20670617e-05   2.74946797e-04
   -8.28808479e-05   1.10646528e-04  -1.07860425e-04  -3.90779096e-05
    5.69536060e-05   2.58960063e-04  -1.85634955e-04   9.71705667e-05
   -2.84564216e-04   2.16899949e-04  -1.59945586e-04  -1.87951198e-04]
 [  2.80754000e-04   1.79517097e-04   7.06505671e-05   2.93669145e-04
   -7.08303924e-05   6.55492477e-05  -8.36517138e-05  -1.15935018e-05
    8.17747932e-05   2.07761070e-04  -1.16540265e-04   6.23876913e-05
   -2.85019953e-04   1.95454966e-04  -1.14444447e-04  -2.14941872e-04]
 [  3.35687568e-04   1.86628240e-04   1.66957652e-05   1.71595864e-04
   -6.66807318e-05   8.80829393e-05  -1.07494045e-04   2.75440725e-05
    6.72491515e-05   1.58484239e-04  -2.12444400e-04   1.27713793e-04
   -2.53865030e-04   2.45308533e-04  -9.51472102e-05  -1.39883239e-04]
 [  3.19193001e-04   1.78256101e-04   5.18930028e-06   2.02365729e-04
   -3.62026913e-05   1.06770800e-04  -6.08490409e-05   6.35179913e-06
    2.52841237e-05   1.54860958e-04  -2.67436815e-04   1.48903317e-04
   -2.21371767e-04   2.65919691e-04  -9.81460325e-05  -2.08320562e-04]
 [  3.14210571e-04   2.12751809e-04   6.42696832e-05   2.69246637e-04
   -9.56141812e-05   1.10674722e-04  -1.60080264e-04  -5.90054606e-06
    2.47599692e-05   1.90590421e-04  -2.43530681e-04   1.21168741e-04
   -2.15354623e-04   2.33967832e-04  -1.33222857e-04  -1.84059187e-04]
 [  3.14446603e-04   2.18249595e-04   6.89541484e-05   2.84074718e-04
   -2.65951203e-05   1.49662199e-04  -8.98928338e-05  -1.05513500e-05
    5.77045139e-05   1.30200744e-04  -2.45408941e-04   1.20443940e-04
   -2.32940642e-04   2.44824711e-04  -1.02026126e-04  -1.99149654e-04]
 [  2.77486542e-04   1.28125524e-04   5.82473222e-05   2.53050850e-04
   -3.63124091e-05   1.07266569e-04  -6.22990701e-05  -1.37727566e-05
    3.82336766e-05   1.91792278e-04  -2.40088106e-04   1.03503000e-04
   -2.32565144e-04   2.15262597e-04  -9.27694855e-05  -2.40465699e-04]
 [  2.75703555e-04   1.65455756e-04   2.42775768e-05   2.74702528e-04
   -7.97078392e-05   6.08524679e-05  -1.35253882e-04  -1.52870016e-05
    5.20137437e-05   1.54129579e-04  -1.71510095e-04   9.80262921e-05
   -2.06725177e-04   2.24306932e-04  -1.22523605e-04  -1.71649997e-04]
 [  3.18585517e-04   1.88001301e-04   3.34361393e-05   2.07256715e-04
   -4.39019059e-05   1.08876098e-04  -1.26091138e-04  -4.18865557e-06
    3.69867776e-05   1.53488494e-04  -2.26756936e-04   1.28256695e-04
   -2.57817213e-04   2.12237806e-04  -1.14065027e-04  -2.08709418e-04]
 [  2.04410814e-02  -4.52260375e-01   6.23663105e-02  -9.26792342e-03
   -2.15591043e-01   1.62928328e-01   4.31209683e-01   1.87726557e-01
   -4.47409272e-01   4.64242011e-01   7.84724429e-02   3.46724063e-01
   -4.22433466e-02   2.04327004e-03   4.92530800e-02  -3.55455339e-01]
 [  5.04239023e-01   2.00413633e-04  -2.08951324e-01   3.54423583e-01
   -3.35612923e-01  -7.94552937e-02   5.75905256e-02  -8.38214308e-02
   -3.08522850e-01   3.20097625e-01   6.06766760e-01   1.21586666e-01
    1.94402829e-01   2.12772544e-02   2.13506073e-01  -4.37546074e-01]
 [ -2.61786743e-03  -1.93470374e-01  -2.56063938e-01   8.49705338e-02
   -2.27109551e-01   2.17599779e-01  -4.78479974e-02  -3.33997887e-03
    4.79759928e-03   6.48654342e-01   1.62140414e-01   3.83519024e-01
   -6.76140636e-02   9.95692797e-03   5.92442565e-02  -5.04052997e-01]
 [ -4.57007550e-02  -4.24561799e-02   1.50148958e-01   4.50910926e-01
   -2.57821202e-01  -1.45089235e-02   2.87224412e-01   1.61701471e-01
   -3.56564671e-02   2.06654131e-01   3.07904214e-01   7.42617965e-01
    1.98980942e-02  -1.86585158e-01  -4.19165902e-02  -3.52665871e-01]
 [  4.01580818e-02   3.05138584e-02  -1.73195794e-01   5.09930730e-01
   -4.88952756e-01  -4.02341276e-01   5.69543302e-01  -1.31919235e-01
    3.62100303e-02   2.99230635e-01   3.23089123e-01   4.46193039e-01
   -1.96190476e-02  -3.67097586e-01   1.34641334e-01  -4.08547074e-02]
 [ -2.94965934e-02  -1.88226119e-01  -1.94833994e-01  -1.09650180e-01
   -3.01899970e-01   1.89536795e-01   2.63735980e-01   7.87309110e-02
    3.13718319e-02   2.00465709e-01   1.50377944e-01   2.46785641e-01
   -2.97610764e-03  -8.76927078e-02  -3.02487938e-03  -5.88337369e-02]
 [ -9.22686234e-02   2.82086611e-01  -9.25971791e-02   4.12729770e-01
   -3.75146747e-01  -2.21086051e-02   4.60689589e-02  -9.43489224e-02
    1.13211408e-01   1.42526820e-01   1.79376349e-01   3.39663684e-01
   -2.83716232e-01  -2.21623197e-01   2.11204976e-01   3.49145085e-02]
 [  5.92130190e-03   3.94239090e-03   2.55246907e-01   1.88045070e-01
   -1.91031247e-01   3.97498161e-02  -6.63067624e-02   1.33724511e-01
    4.33157682e-02   5.67871392e-01   7.72799611e-01   5.17322302e-01
   -2.71464922e-02  -8.61447901e-02   1.80769920e-01  -3.82677943e-01]
 [  2.43815109e-01  -3.91211748e-01   4.55179019e-03   2.68762052e-01
   -3.23024064e-01   6.94288909e-02   1.22331113e-01  -1.48266941e-01
    2.22428858e-01   1.49001047e-01   8.72644037e-02   6.01329148e-01
   -3.79062630e-02  -1.54449403e-01  -2.98197985e-01  -1.64700016e-01]
 [ -5.70944604e-03   1.83234602e-01   3.83421779e-01   3.13108504e-01
   -1.43883616e-01   3.11853230e-01   2.86647767e-01  -1.05817556e-01
   -4.80993986e-02   2.11809576e-01   3.15063119e-01   2.07986325e-01
    9.48709026e-02   4.06189077e-02  -1.94957525e-01  -7.38757923e-02]
 [ -2.34772422e-04   2.52440013e-03  -3.90421897e-02  -5.26082925e-02
    3.44844423e-02   1.60620138e-02  -4.81012352e-02   9.97464597e-01
    1.18536293e-04  -3.51330899e-02  -3.93457785e-02  -6.91207871e-02
    4.90871898e-04   3.81666385e-02  -7.10924249e-03   2.23321822e-02]
 [  5.78832850e-02  -2.71430224e-01   6.38910905e-02   2.22630024e-01
   -4.08420980e-01   7.32061192e-02   2.06028700e-01   6.92958236e-02
    7.23464563e-02   4.14178818e-01   3.10810059e-01   3.73286605e-01
    1.65711910e-01  -6.82987392e-01   9.87696201e-02  -2.05707848e-01]
 [  6.42339117e-04   5.40386420e-03  -2.69353718e-01   6.01591825e-01
   -6.06357396e-01  -2.51270890e-01   3.86891246e-01  -1.47609590e-02
    2.09221078e-04   7.69697577e-02   2.60539860e-01   4.84883070e-01
    9.09628870e-04  -4.84294385e-01  -3.48250084e-02  -2.63283342e-01]
 [  2.11646482e-01   2.53270239e-01   1.45627439e-01   1.00967675e-01
   -5.35384238e-01   1.72467940e-02  -1.32757545e-01  -2.54720286e-03
   -4.96817976e-02   2.86758952e-02   1.01818778e-02   5.16043305e-01
    5.38153112e-01   2.68683910e-01   2.01163232e-01  -5.48178077e-01]
 [ -8.85463844e-04  -4.83857282e-03  -9.01558578e-01   3.55833352e-01
   -3.39953363e-01  -2.78945386e-01   9.20446664e-02   1.25439577e-02
   -1.70934669e-04   8.26293081e-02   6.95280284e-02   2.54905462e-01
   -2.43691786e-04  -3.22715268e-02   2.92872973e-02  -1.73934266e-01]
 [  1.75884172e-01  -5.58712594e-02  -3.01391575e-02   3.95049661e-01
   -1.68022245e-01   9.36482772e-02   2.61573732e-01   5.85523434e-02
    1.34518728e-01   2.29433179e-01   2.05922797e-01   2.38101542e-01
   -2.24924818e-01  -2.32943036e-02   7.14082345e-02  -2.40733296e-01]]
Eve
[[ -3.44993100e-02   2.60327943e-02   7.86228240e-01   3.12673211e-01
   -2.30891481e-01   4.00366127e-01   7.60436198e-03   2.98679978e-01
    5.22593409e-02   9.88916904e-02   5.13912141e-02  -1.83297232e-01
   -3.59217048e-01  -2.00603306e-02  -8.54311109e-01   3.68440866e-01]
 [ -3.41582075e-02   2.59019360e-02   7.83651888e-01   3.12541485e-01
   -2.32914403e-01   4.06920701e-01   9.85759497e-03   3.05772483e-01
    5.53944893e-02   9.79281142e-02   5.21445051e-02  -1.84058234e-01
   -3.57148290e-01  -2.03869361e-02  -8.52609217e-01   3.67884934e-01]
 [ -2.96012219e-02   2.15388611e-02   7.84702480e-01   3.12736809e-01
   -2.33053848e-01   3.99898082e-01   2.42334930e-03   3.04105550e-01
    5.22788875e-02   9.87750962e-02   5.27412593e-02  -1.86285242e-01
   -3.57926697e-01  -1.93056855e-02  -8.54702234e-01   3.69558007e-01]
 [ -3.52790095e-02   2.50499658e-02   7.85557508e-01   3.10807645e-01
   -2.31708586e-01   4.18198466e-01   1.50106419e-02   3.00470531e-01
    6.23238124e-02   9.52461511e-02   5.14455512e-02  -1.83695510e-01
   -3.54142547e-01  -2.21093893e-02  -8.52642834e-01   3.56110096e-01]
 [ -3.61512676e-02   2.67492272e-02   7.86332011e-01   3.11715901e-01
   -2.31024876e-01   4.10891712e-01   1.33910934e-02   3.00631791e-01
    5.77563196e-02   9.67853889e-02   5.13819717e-02  -1.82291389e-01
   -3.56773674e-01  -2.13236045e-02  -8.52950454e-01   3.62629563e-01]
 [ -3.13265063e-02   2.49501504e-02   7.78013170e-01   3.15330207e-01
   -2.36368924e-01   3.95304620e-01   3.49839125e-03   3.19067329e-01
    4.90560792e-02   1.00867167e-01   5.38443103e-02  -1.86771125e-01
   -3.59907478e-01  -1.85555257e-02  -8.52621317e-01   3.81381929e-01]
 [ -3.39397229e-02   2.49978807e-02   7.84953713e-01   3.11794341e-01
   -2.32606038e-01   4.10642236e-01   1.08825574e-02   3.04655254e-01
    5.72777987e-02   9.67569277e-02   5.17973267e-02  -1.84563905e-01
   -3.56362045e-01  -2.08274275e-02  -8.51950586e-01   3.64411712e-01]
 [ -2.77707595e-02   2.13826727e-02   7.85631835e-01   3.15109372e-01
   -2.34252691e-01   3.83329302e-01  -5.70024922e-03   3.06884915e-01
    4.31385189e-02   1.02626175e-01   5.28099015e-02  -1.87782034e-01
   -3.62595916e-01  -1.73170622e-02  -8.55464518e-01   3.82630348e-01]
 [ -3.16938423e-02   2.39042696e-02   7.85827696e-01   3.13339353e-01
   -2.31996700e-01   3.95149410e-01   2.61831679e-03   3.01582545e-01
    4.94778156e-02   1.00411527e-01   5.19060791e-02  -1.84483454e-01
   -3.60181212e-01  -1.90065093e-02  -8.55106533e-01   3.73560280e-01]
 [ -3.22377123e-02   2.50823461e-02   7.81863630e-01   3.13691825e-01
   -2.33728558e-01   3.98472100e-01   4.69523296e-03   3.09759647e-01
    5.08896671e-02   9.96120498e-02   5.24128564e-02  -1.84791461e-01
   -3.59402657e-01  -1.90909114e-02  -8.52295458e-01   3.75585198e-01]
 [ -3.19562778e-02   2.20211651e-02   7.89416194e-01   3.11108261e-01
   -2.30530158e-01   4.06020015e-01   6.04615640e-03   2.95282364e-01
    5.50638177e-02   9.74199995e-02   5.11281230e-02  -1.84639513e-01
   -3.56491148e-01  -2.05083769e-02  -8.54575753e-01   3.59953970e-01]
 [ -3.04560550e-02   2.22659800e-02   7.85021186e-01   3.13104153e-01
   -2.33362973e-01   3.98818761e-01   2.37937132e-03   3.05227518e-01
    5.09659834e-02   9.92341936e-02   5.26098013e-02  -1.86238468e-01
   -3.58712137e-01  -1.90368798e-02  -8.54222775e-01   3.71932775e-01]
 [ -2.83629913e-02   1.98258366e-02   7.85614729e-01   3.12815219e-01
   -2.33519226e-01   3.99850160e-01   3.53126903e-04   3.05824012e-01
    5.19884303e-02   9.91242975e-02   5.27224243e-02  -1.87088281e-01
   -3.57575804e-01  -1.91714503e-02  -8.53891134e-01   3.68754804e-01]
 [ -3.08866277e-02   2.14326344e-02   7.88672388e-01   3.12371522e-01
   -2.30202138e-01   3.96165252e-01   1.42046192e-03   2.96568245e-01
    5.04217669e-02   9.93139371e-02   5.15154786e-02  -1.84925199e-01
   -3.58472049e-01  -1.94150656e-02  -8.55569899e-01   3.65255207e-01]
 [ -3.47273275e-02   2.64276620e-02   7.84444094e-01   3.12781841e-01
   -2.31339008e-01   3.99969310e-01   7.50163384e-03   3.00897956e-01
    5.19161969e-02   9.92934331e-02   5.16010039e-02  -1.83546230e-01
   -3.59646916e-01  -1.98089741e-02  -8.54297042e-01   3.71107846e-01]
 [ -2.93800179e-02   2.07565147e-02   7.86373079e-01   3.12315792e-01
   -2.32007086e-01   3.96756768e-01   1.31355817e-04   3.00373971e-01
    5.03998138e-02   9.97227356e-02   5.22906259e-02  -1.86384857e-01
   -3.58262062e-01  -1.91153493e-02  -8.55108202e-01   3.68054211e-01]
 [  2.77442336e-01   1.12578487e-02   6.83430970e-01   3.47132534e-01
    6.25686944e-01  -2.92442143e-01   1.03025898e-01   2.22760811e-01
   -3.99233866e-03  -2.97899693e-01  -1.36295885e-01   3.18667114e-01
   -7.24512637e-01   1.10653050e-01   1.92030817e-01  -1.29631385e-01]
 [  8.66685435e-02  -1.96667239e-01   6.43679678e-01   4.93051857e-01
    9.66464821e-03  -2.37071872e-01   1.07114755e-01  -9.42889228e-02
   -1.11755162e-01  -3.83529961e-01  -6.87805936e-02   1.21266268e-01
   -8.46229970e-01  -5.86644635e-02   1.95640951e-01   2.11574391e-01]
 [  1.04110025e-01   2.88084894e-01   9.46219683e-01   4.55237299e-01
    2.41596356e-01   1.50374144e-01  -6.05187118e-02   1.78274494e-02
   -2.44796574e-01  -1.86338797e-01   1.56976491e-01  -2.16460913e-01
   -3.65595192e-01  -3.09135944e-01  -7.54776418e-01   8.73360783e-02]
 [  2.68493295e-01  -1.40828684e-01   7.28574157e-01  -2.71134317e-01
   -6.37170553e-01   5.68496048e-01  -2.77513843e-02   6.76918089e-01
    2.76045874e-02   4.11639094e-01  -1.58727765e-01  -6.00915551e-01
    1.08754702e-01   1.17024511e-01  -1.06912470e+00   5.75488508e-01]
 [ -1.98286086e-01   3.58985178e-02   5.14015615e-01   3.18884283e-01
   -3.08804840e-01   8.96270573e-01  -3.76630388e-02   8.62289369e-01
   -3.05314809e-01   4.68836546e-01  -3.48410815e-01  -6.44832492e-01
    1.35012373e-01  -2.02283934e-01  -1.17976105e+00   7.87640393e-01]
 [ -6.23053163e-02  -1.81484550e-01   3.25793803e-01   5.30633569e-01
    1.21413834e-01  -3.75568897e-01  -2.84449980e-02   2.27156468e-02
   -5.60390577e-03   8.73147994e-02  -1.11116236e-02  -1.86084658e-01
   -3.83785278e-01   1.17368072e-01  -1.00125790e-01   2.54702359e-01]
 [ -2.15392411e-01  -1.14107184e-01   5.46484530e-01   3.40916395e-01
    4.87194583e-03   7.05832615e-02  -6.07574940e-01   9.64803025e-02
   -2.56611947e-02   7.56330416e-02   2.90398467e-02  -9.45875538e-04
   -2.39763692e-01  -1.48521930e-01  -6.60169721e-02   4.32162941e-01]
 [ -2.07348779e-01   5.19366674e-02   6.56858683e-01   2.15758502e-01
   -6.18561618e-02   3.72462839e-01   6.28527030e-02   6.60680681e-02
    8.61805230e-02  -1.50980204e-01  -2.66086429e-01   1.55718833e-01
   -4.28218812e-01   4.95256931e-02  -4.18828249e-01   3.97253573e-01]
 [  2.00496927e-01   1.08847544e-01   5.03794551e-01   5.46986818e-01
    2.03338370e-01  -3.21512856e-02  -9.98485535e-02  -6.33467920e-03
   -5.66526577e-02  -2.08571166e-01   1.04312517e-01   2.11102322e-01
   -6.77303374e-01   5.99843683e-03   2.79583316e-03   1.04516871e-01]
 [  3.46228749e-01  -1.02230534e-01   1.14738651e-01  -2.09869415e-01
   -2.38948852e-01   4.16484326e-01  -1.22144014e-01  -4.75704908e-01
   -4.95252088e-02   6.93817616e-01  -1.06156105e-02   1.70863762e-01
   -2.98726261e-01   2.56280273e-01  -1.66672796e-01   4.41123098e-01]
 [ -2.97777243e-02   1.92548651e-02  -6.93119943e-01  -2.63300449e-01
    4.08365935e-01  -5.15423477e-01   7.04548042e-03   1.39411554e-01
    7.97647759e-02  -6.27040029e-01  -2.50319028e+00   4.22580838e-01
    6.40246570e-02  -2.08529774e-02   4.43598390e-01  -4.67742294e-01]
 [  4.79627028e-02  -2.19935969e-01   6.41044378e-01   3.60962600e-01
   -7.36255348e-02  -3.42080817e-02  -1.56022057e-01  -4.81395334e-01
   -1.63132232e-02  -1.02984505e-02   2.39496589e-01   1.49623910e-02
   -6.22865736e-01  -1.19397856e-01   3.44238095e-02   2.61987805e-01]
 [ -1.51884571e-01   1.10606082e-01   5.82474589e-01  -1.92617059e-01
   -3.09683561e-01   8.57756078e-01  -5.99384643e-02  -2.37542242e-02
    4.31817397e-02   1.48734450e+00   7.60357678e-02  -5.68894506e-01
    1.54487267e-01   1.88521110e-02  -2.24195290e+00   1.05228531e+00]
 [  4.44447249e-02  -1.63025141e-01   3.11981708e-01   2.93052852e-01
    3.42990667e-01  -1.42932698e-01  -3.64788920e-01   3.35677803e-01
   -1.50917366e-01  -2.48254001e-01  -8.76002312e-02   2.26138890e-01
   -4.89795119e-01   7.42351338e-02   8.42740163e-02  -4.36946489e-02]
 [ -1.89627141e-01   1.66283250e-02   1.65309846e-01   1.95923194e-01
   -2.35828236e-01   5.23079932e-01   1.22479260e-01  -1.15971708e+00
   -2.77994215e-01   8.79913509e-01   3.30164135e-01  -1.62282318e-01
   -1.06084272e-01  -1.50358692e-01  -4.33255792e-01   4.75977361e-01]
 [  1.14687078e-01   1.05045691e-01   6.57406151e-01   6.63375676e-01
    3.57635826e-01   2.01251268e-01  -5.03199846e-02   2.28956237e-01
   -2.23788526e-02  -1.60281792e-01  -2.49489509e-02   1.19382091e-01
   -6.53007746e-01   6.16734922e-02  -3.65080722e-02   4.00083035e-01]
 [ -1.00864738e-01  -1.24903806e-01   6.38143718e-01   5.89183748e-01
    8.11214685e-01  -3.14522207e-01  -1.67300314e-01   1.64237455e-01
    1.26638398e-01  -5.16089797e-01   1.01957925e-01  -1.77486002e-01
   -7.27882564e-01   1.64711639e-01   1.90345779e-01  -1.60841808e-01]
 [ -2.22723961e-01   2.15829313e-02   6.00779057e-01   6.36568129e-01
    4.35687661e-01   6.34384677e-02   6.07125640e-01   1.03522755e-01
   -1.03658080e-01  -4.42761749e-01  -1.71329603e-01   7.80182481e-02
   -6.86171353e-01  -1.33029267e-01   6.39605820e-02   8.21045339e-02]
 [  2.18656391e-01  -3.67039032e-02   7.87538663e-02  -3.37044299e-02
   -1.81389764e-01   5.66273212e-01  -1.24385722e-01  -8.94033492e-01
    1.36476994e-01   5.54999650e-01  -2.92514026e-01  -2.65837371e-01
    1.90587923e-01   1.72731966e-01  -5.72021723e-01   4.53458011e-01]
 [  7.19835982e-02  -1.47417441e-01   3.91366482e-01   9.89619672e-01
    2.22667560e-01  -5.21912098e-01  -8.11482444e-02   3.32984149e-01
   -1.01839766e-01   1.00340977e-01   9.77867991e-02  -7.99073055e-02
   -7.84648955e-01  -1.21219844e-01   2.40294576e-01   1.87412053e-01]
 [ -1.62643299e-01   1.46424443e-01   6.78534985e-01   4.59605515e-01
    8.49122107e-02   2.82786563e-02  -1.23511802e-03   2.18632460e-01
    2.17683852e-01  -2.11190671e-01  -8.33883658e-02   2.06964403e-01
   -7.38556623e-01  -9.49792415e-02   1.69127047e-01   6.75791264e-01]
 [  1.82560652e-01  -1.31922275e-01   4.86399323e-01  -8.71558860e-02
   -4.12714124e-01   7.92407453e-01   3.48089971e-02   2.45803237e-01
    3.17003988e-02   1.22932112e+00  -3.73213626e-02  -5.80230892e-01
    8.44605625e-01  -9.17185273e-04  -2.35182691e+00   9.99096632e-01]
 [  3.14997919e-02   1.91297770e-01   3.62259716e-01   6.38665855e-01
    3.28426749e-01  -1.66386858e-01   3.33532512e-01   1.42185986e-01
    1.20458230e-01  -4.56302911e-01  -2.64930427e-01   2.77466714e-01
   -6.11993015e-01  -9.08651669e-03  -1.48392886e-01  -1.23996288e-01]
 [  4.13891423e-04   4.75239940e-02   6.26032412e-01   3.77255231e-01
    4.57307637e-01  -1.46589488e-01   4.10373285e-02  -8.50229114e-02
   -1.21949948e-01  -2.12679476e-01  -5.49116731e-01  -6.00272790e-02
   -3.99637669e-01   2.56800950e-01  -1.18778206e-01  -1.34983175e-02]
 [  2.34686866e-01  -9.64913797e-03   7.10241973e-01   7.65940368e-01
    1.56311110e-01  -4.75691468e-01  -2.37963781e-01   7.01252967e-02
    8.41673911e-02  -6.84673846e-01  -1.65028516e-02   1.88864067e-01
   -5.60948491e-01  -9.06692818e-02  -1.76629171e-01   7.25106969e-02]
 [  4.12199572e-02   4.60457914e-02   6.40660226e-01   4.20397013e-01
   -1.26488358e-01   3.12339306e-01   2.93808877e-01   2.64298916e-02
   -2.38451958e-02  -2.13817433e-01   1.57429621e-01   3.46484706e-02
   -3.03419560e-01   8.42410028e-02  -5.42573035e-01   1.29994750e-01]
 [ -4.58522364e-02  -2.64834642e-01   2.98382729e-01   3.59216750e-01
   -1.08030275e-01  -1.52320400e-01   1.78207047e-02  -3.96119319e-02
    7.79381469e-02  -1.64886266e-01  -2.37148091e-01  -3.15667763e-02
   -5.50722420e-01  -2.50746813e-02  -3.52627754e-01   3.32468182e-01]
 [ -1.82941053e-02   2.98939515e-02   8.58391285e-01  -4.45566118e-01
   -9.83250976e-01   1.13242161e+00   5.42651415e-02   7.70392299e-01
   -5.45507632e-02   2.25269899e-01  -1.74285378e-02  -3.40059876e-01
    4.36925173e-01   1.21839136e-01  -1.54145741e+00   5.62184870e-01]
 [  6.99959323e-02   1.45337775e-01   3.08373302e-01   4.53998953e-01
    1.97716966e-01  -2.04158559e-01  -2.16733385e-02   1.24389201e-01
   -1.34595513e-01  -3.61424446e-01  -2.63752759e-01  -1.08213305e-01
   -6.56864047e-01   4.07569587e-01  -6.56469092e-02   1.50442287e-01]
 [  1.89042408e-02  -3.47154997e-02   3.98009121e-01   2.81801134e-01
   -2.03923099e-02  -2.20316216e-01  -1.10096321e-01   1.59832671e-01
   -2.82582920e-02  -1.81938976e-01   8.27289522e-02  -1.74823284e-01
   -6.25718474e-01   1.32037431e-01  -7.36307949e-02   1.26224175e-01]
 [ -6.38124794e-02   1.27964579e-02   4.56198424e-01   5.47412276e-01
    3.15018415e-01  -8.36538002e-02   6.22331984e-02   7.94150233e-02
   -1.36412615e-02  -1.78209320e-01  -2.58004993e-01   2.33284667e-01
   -7.68225610e-01   6.32173270e-02   2.67862469e-01   9.18190107e-02]
 [ -2.18241885e-01  -3.56177837e-02   7.34056294e-01   6.29933715e-01
   -3.80913168e-01   5.91512620e-01  -1.77283451e-01   2.55971760e-01
    2.08175159e-03  -6.82606339e-01  -7.78535604e-02  -3.64595056e-01
   -7.03830540e-01  -4.64106798e-02  -5.55927277e-01   1.72789499e-01]]