Alice
[[  7.75191933e-02  -4.00287192e-03  -1.13794923e-01  -1.97303340e-01
   -4.32087071e-02  -3.69035840e-01   1.11455494e-03  -3.70024657e-03
    6.14084164e-03  -2.50022322e-01   6.94979504e-02  -3.48254144e-02
    6.63822740e-02  -9.86322016e-02  -1.97705939e-01   7.06574619e-02]
 [  7.26681799e-02  -4.01702290e-03  -1.10389873e-01  -1.83231279e-01
   -4.11324948e-02  -3.66800338e-01   9.32506693e-04  -9.37301083e-04
    7.35989353e-03  -2.49969438e-01   6.80311844e-02  -3.12397927e-02
    6.09699376e-02  -9.15110260e-02  -1.83754116e-01   6.77088201e-02]
 [  7.47672766e-02  -4.83523402e-03  -1.12200394e-01  -1.85129747e-01
   -4.24110480e-02  -3.66957724e-01   1.03090366e-03   2.88949860e-03
    6.70001842e-03  -2.50069499e-01   7.25119933e-02  -3.31276134e-02
    6.20282628e-02  -9.25232470e-02  -1.85484424e-01   6.81226999e-02]
 [  7.44863600e-02  -4.41787438e-03  -1.11171089e-01  -1.84904560e-01
   -4.24863137e-02  -3.67064476e-01   1.20052893e-03   1.07888342e-03
    6.68225437e-03  -2.50054330e-01   7.02250078e-02  -3.25120017e-02
    6.23945668e-02  -9.24530700e-02  -1.85038105e-01   6.92966729e-02]
 [  7.48107806e-02  -4.99290274e-03  -1.09765902e-01  -1.83315262e-01
   -4.28440906e-02  -3.68675619e-01   1.36591692e-03   3.48868500e-03
    6.22599293e-03  -2.50055909e-01   7.16594011e-02  -3.30525227e-02
    6.21567369e-02  -9.15826112e-02  -1.83618814e-01   6.90657645e-02]
 [  7.31363222e-02  -4.25063493e-03  -1.10655718e-01  -1.82727456e-01
   -4.18014377e-02  -3.67644370e-01   1.28231745e-03   1.89568894e-03
    6.93134265e-03  -2.50011891e-01   7.17844740e-02  -3.18173021e-02
    6.11000918e-02  -9.12595168e-02  -1.83142588e-01   6.68797418e-02]
 [  7.42169321e-02  -4.04657191e-03  -1.12597130e-01  -1.86998457e-01
   -4.20058742e-02  -3.67530167e-01   1.09987450e-03  -1.09754030e-04
    7.06921285e-03  -2.49868855e-01   7.08403140e-02  -3.23425755e-02
    6.23225905e-02  -9.34628919e-02  -1.87682018e-01   6.82040825e-02]
 [  7.48686269e-02  -4.57319617e-03  -1.12609290e-01  -1.86202288e-01
   -4.24100198e-02  -3.67637724e-01   1.09883130e-03   2.15105154e-03
    6.66146073e-03  -2.49868125e-01   7.23825470e-02  -3.32252979e-02
    6.23630174e-02  -9.29859728e-02  -1.86325520e-01   6.80922419e-02]
 [  7.73634389e-02  -3.88924708e-03  -1.15159214e-01  -1.96238115e-01
   -4.37241532e-02  -3.69053692e-01   1.18304719e-03  -2.39093392e-03
    6.13762951e-03  -2.50064373e-01   7.12276623e-02  -3.46730500e-02
    6.60998598e-02  -9.81223434e-02  -1.96407825e-01   7.09356666e-02]
 [  7.34170526e-02  -4.29803599e-03  -1.11288577e-01  -1.84531063e-01
   -4.11708243e-02  -3.67056072e-01   7.95231783e-04  -2.84688373e-04
    7.33548822e-03  -2.50010848e-01   6.88551813e-02  -3.18935029e-02
    6.11783415e-02  -9.21984017e-02  -1.85147911e-01   6.76807761e-02]
 [  7.12729245e-02  -3.97665147e-03  -1.09769128e-01  -1.79528773e-01
   -4.04079966e-02  -3.66771877e-01   7.83338270e-04  -4.12429770e-04
    7.72502692e-03  -2.49985203e-01   6.74160197e-02  -3.02106775e-02
    5.93612604e-02  -8.96454826e-02  -1.79755345e-01   6.66800365e-02]
 [  7.09989145e-02  -4.50810976e-03  -1.08245544e-01  -1.75848082e-01
   -4.03450020e-02  -3.65668088e-01   9.66449501e-04   2.23337184e-03
    7.69308303e-03  -2.49991298e-01   6.83546290e-02  -3.01363152e-02
    5.83758093e-02  -8.78727436e-02  -1.76467106e-01   6.63394779e-02]
 [  7.30888844e-02  -4.00243280e-03  -1.10661566e-01  -1.84904367e-01
   -4.13024127e-02  -3.67377520e-01   8.77589511e-04  -1.91182690e-03
    7.24951643e-03  -2.49914125e-01   6.72550723e-02  -3.15428227e-02
    6.15829267e-02  -9.23430398e-02  -1.85141802e-01   6.82947189e-02]
 [  7.51495510e-02  -4.24361788e-03  -1.13733307e-01  -1.88055351e-01
   -4.25039679e-02  -3.67431849e-01   1.02757558e-03   1.04085437e-03
    6.83213305e-03  -2.50047743e-01   7.22612888e-02  -3.31503190e-02
    6.28524944e-02  -9.40419137e-02  -1.88198775e-01   6.85988963e-02]
 [  7.33846724e-02  -4.61322069e-03  -1.10067308e-01  -1.80794910e-01
   -4.22548465e-02  -3.67082536e-01   1.44665840e-03   4.25870251e-03
    6.63129054e-03  -2.49884471e-01   7.33306408e-02  -3.20652314e-02
    6.08733818e-02  -9.03015807e-02  -1.81020126e-01   6.70256540e-02]
 [  7.25546405e-02  -5.12793381e-03  -1.09209113e-01  -1.76777124e-01
   -4.12431471e-02  -3.66593868e-01   9.71047964e-04   4.77149570e-03
    7.11964816e-03  -2.49959275e-01   7.04521164e-02  -3.17519680e-02
    5.90920001e-02  -8.82940665e-02  -1.77333966e-01   6.72331154e-02]
 [ -3.32716900e-06   1.65838730e-02  -7.70003945e-02  -6.38045892e-02
    4.73554526e-03  -2.50999146e-04  -3.41851660e-03  -4.18089703e-02
    1.35767842e-02  -4.41524680e-05   4.43203095e-03   3.90855176e-03
    6.51851390e-03  -3.18467133e-02  -6.36969060e-02   3.60386376e-03]
 [  2.87358198e-05   1.66034997e-02  -7.71598443e-02  -6.38221577e-02
    4.72654961e-03  -1.47491286e-04  -3.45521187e-03  -4.18876559e-02
    1.36227543e-02  -4.73284199e-05   4.45471331e-03   3.91831482e-03
    6.55506458e-03  -3.19367312e-02  -6.35807812e-02   3.60047794e-03]
 [ -1.04606406e-05   1.66505836e-02  -7.75126889e-02  -6.41855448e-02
    4.77415975e-03  -1.91633662e-04  -3.42795998e-03  -4.20435742e-02
    1.36301406e-02  -7.61277697e-05   4.48295381e-03   3.94006632e-03
    6.55441824e-03  -3.20690237e-02  -6.39757961e-02   3.64651112e-03]
 [  2.81440316e-06   1.63344257e-02  -7.59673342e-02  -6.28832206e-02
    4.61899443e-03  -2.08966550e-04  -3.37843713e-03  -4.12290730e-02
    1.33712143e-02  -3.33823555e-05   4.40261839e-03   3.90271912e-03
    6.43185619e-03  -3.14072557e-02  -6.27145991e-02   3.56154051e-03]
 [  4.41399607e-06   1.66148059e-02  -7.71788061e-02  -6.39676303e-02
    4.73378459e-03  -2.22955889e-04  -3.41329933e-03  -4.19680104e-02
    1.35775125e-02  -4.76876849e-05   4.46761725e-03   3.91539186e-03
    6.56823302e-03  -3.19854990e-02  -6.38228953e-02   3.65919829e-03]
 [  1.31275810e-05   1.67014170e-02  -7.75552690e-02  -6.43367618e-02
    4.77343984e-03  -2.76679726e-04  -3.43814516e-03  -4.21761796e-02
    1.36800883e-02  -4.91649407e-05   4.49740794e-03   3.94890597e-03
    6.59994548e-03  -3.21595706e-02  -6.41266406e-02   3.67024960e-03]
 [  1.98694397e-06   1.66183263e-02  -7.70879462e-02  -6.40143454e-02
    4.76143043e-03  -2.49860663e-04  -3.42274387e-03  -4.19691354e-02
    1.36052836e-02  -3.21969892e-05   4.47107712e-03   3.91766150e-03
    6.55547623e-03  -3.19539048e-02  -6.39294684e-02   3.65522970e-03]
 [ -2.62173671e-05   1.64776612e-02  -7.67261088e-02  -6.34674728e-02
    4.70822910e-03  -1.83830154e-04  -3.40826041e-03  -4.16205935e-02
    1.35279121e-02  -5.72989702e-05   4.41468507e-03   3.89838289e-03
    6.52114721e-03  -3.17653194e-02  -6.32948875e-02   3.58438585e-03]
 [  1.43888374e-05   1.65641848e-02  -7.71366656e-02  -6.37505651e-02
    4.68143681e-03  -1.54050867e-04  -3.43582523e-03  -4.18174788e-02
    1.35774100e-02  -4.60294796e-05   4.44844039e-03   3.92828835e-03
    6.51919749e-03  -3.19118798e-02  -6.34011403e-02   3.61667317e-03]
 [  2.48798642e-07   1.66330971e-02  -7.73244202e-02  -6.40290752e-02
    4.74822707e-03  -2.57008563e-04  -3.42864543e-03  -4.19565141e-02
    1.36060007e-02  -4.49908985e-05   4.45381552e-03   3.92393954e-03
    6.52504619e-03  -3.19842063e-02  -6.38606548e-02   3.64994165e-03]
 [  2.44075509e-05   1.64491776e-02  -7.62976557e-02  -6.33969009e-02
    4.70181741e-03  -2.32399543e-04  -3.38040642e-03  -4.15408686e-02
    1.34421112e-02  -4.63395081e-05   4.44243895e-03   3.89425270e-03
    6.45883800e-03  -3.16852033e-02  -6.30554557e-02   3.62657360e-03]
 [ -1.93242813e-05   1.64575186e-02  -7.65634552e-02  -6.33949488e-02
    4.68828063e-03  -1.82471660e-04  -3.39332828e-03  -4.15160619e-02
    1.34720262e-02  -4.12429608e-06   4.39211400e-03   3.89415189e-03
    6.47138944e-03  -3.17027941e-02  -6.32278174e-02   3.58202821e-03]
 [ -6.56556949e-06   1.65320728e-02  -7.69244358e-02  -6.36682659e-02
    4.71896352e-03  -1.49543266e-04  -3.41096148e-03  -4.17743251e-02
    1.35169504e-02   8.90811589e-06   4.41134162e-03   3.90562112e-03
    6.50722953e-03  -3.18438821e-02  -6.34072945e-02   3.59824416e-03]
 [  2.01218154e-05   1.66334826e-02  -7.73788095e-02  -6.39557391e-02
    4.72724391e-03  -2.00906463e-04  -3.47950426e-03  -4.19537053e-02
    1.36669874e-02   4.02204660e-06   4.46683075e-03   3.92891793e-03
    6.57552341e-03  -3.19977067e-02  -6.37016073e-02   3.61265219e-03]
 [ -2.21195842e-06   1.64127070e-02  -7.61306286e-02  -6.32319823e-02
    4.68292134e-03  -2.90858501e-04  -3.35514848e-03  -4.14435901e-02
    1.33936731e-02  -4.01327452e-05   4.41537425e-03   3.87360109e-03
    6.44643465e-03  -3.16191353e-02  -6.30676150e-02   3.61596048e-03]
 [ -3.23410586e-06   1.66992936e-02  -7.75021464e-02  -6.43940642e-02
    4.79428470e-03  -2.79418397e-04  -3.40404850e-03  -4.22403105e-02
    1.36722131e-02   2.50849462e-05   4.50606924e-03   3.98566900e-03
    6.58727530e-03  -3.22886296e-02  -6.45444542e-02   3.67467757e-03]
 [ -1.21312286e-03  -2.04292941e-03  -1.23667933e-01  -6.51377976e-01
   -1.50020113e-02  -3.63103032e-01  -1.02613842e+00   6.81502670e-02
    1.12063909e+00   6.27377816e-03   4.28234518e-01  -5.59566140e-01
   -4.96233612e-01  -5.28417230e-01  -4.68652904e-01  -2.57670153e-02]
 [ -9.98489499e-01  -7.09458982e-05  -4.18395037e-04  -3.70341633e-03
   -9.73213682e-05  -1.52960164e-03  -1.54335028e-03   2.04066368e-04
    5.99416380e-05  -7.49388755e-06   1.44476979e-03  -7.83636235e-04
   -1.92158425e-03  -9.81927500e-04  -6.89416993e-06  -3.02437786e-03]
 [ -1.42825708e-01  -1.65691480e-01  -4.73269373e-01  -6.71215057e-01
    4.20714229e-01  -2.26344287e-01   3.00135106e-01   6.97584629e-01
   -1.19596086e-01   1.81183480e-02  -3.10189277e-01   1.06742069e-01
   -3.42390180e-01   2.82320946e-01  -5.34799695e-02  -5.31382859e-01]
 [ -2.79160142e-01  -1.26062363e-01   1.45357355e-01   2.03499794e-01
    2.90337324e-01  -3.91743124e-01  -7.83491805e-02   1.10459924e-01
    1.07845418e-01   1.46143198e-01   3.40631008e-01  -5.06214023e-01
   -3.78182411e-01   1.04540549e-01  -9.60979387e-02  -4.01152939e-01]
 [  2.43930221e-01  -2.05611810e-01   9.19934139e-02  -4.22706246e-01
   -1.58693194e-02  -4.40697074e-01  -9.35185790e-01  -1.31286606e-01
    2.79894829e-01   3.56801972e-02   4.72002238e-01  -8.17883849e-01
   -2.32140627e-02  -8.10919762e-01   9.73688215e-02   1.09092042e-01]
 [ -1.78050935e-01   2.11134949e-03  -3.27645123e-01  -7.54016757e-01
    6.50297664e-03  -2.74656206e-01  -1.16082942e+00   2.42441893e-02
    1.42860472e-01   9.06053744e-03   4.38542187e-01  -1.25850940e+00
   -6.01240277e-01  -7.90949583e-01  -3.73633415e-01   2.45316476e-02]
 [ -5.69688268e-02   8.45464915e-02  -2.62044687e-02  -4.79234129e-01
   -8.22058022e-02  -1.79834664e-01  -2.86671370e-01   1.08751282e-02
    9.11362767e-02   2.61584413e-03   1.84788376e-01  -2.22958639e-01
   -2.16129914e-01  -4.53034610e-01  -1.18278138e-01   3.57907265e-01]
 [ -1.85989544e-01  -9.45498705e-01  -1.72820672e-01  -1.90512940e-01
    1.01972461e-01  -3.25637728e-01  -6.20353699e-01   2.25141853e-01
    2.29986474e-01  -2.07213968e-01   1.75535381e-01  -6.46272898e-01
   -2.54297435e-01  -4.87511724e-01  -6.56557798e-01  -3.38096879e-02]
 [ -2.98678372e-02   1.07191734e-01  -1.54343709e-01  -5.92527092e-01
    1.96817309e-01  -2.74383843e-01  -1.56040182e-02   1.13113470e-01
    2.31894222e-03   2.60779355e-02  -1.85017462e-03  -5.87308742e-02
   -4.53821152e-01   1.75683469e-01  -2.74172157e-01  -3.02885592e-01]
 [ -3.05549115e-01  -1.32173866e-01  -1.14663422e-01  -8.94052207e-01
   -1.91993684e-01  -3.21177721e-01   8.36556181e-02   1.00019738e-01
    8.67422670e-02  -1.84357822e-01   6.80473372e-02  -1.43379971e-01
   -5.58610082e-01  -1.71277225e-02   2.40686946e-02  -3.38335574e-01]
 [  1.18277606e-03  -9.10584722e-03  -8.30551386e-02  -4.08285886e-01
    1.29421940e-03  -7.36560762e-01  -1.02406040e-01   4.51986417e-02
   -2.85082221e-01  -1.00367117e+00   1.13898151e-01   1.98238462e-01
   -9.45970938e-02  -1.92145139e-01   6.36693416e-03  -2.99685076e-02]
 [  2.76461011e-03  -9.27660801e-03   1.31086215e-01  -6.29802942e-01
    3.83934239e-05  -5.39494097e-01  -8.70278776e-02   2.97087692e-02
   -8.00127164e-05   6.24420308e-03   1.13638423e-01  -6.06833538e-03
   -8.53330418e-02  -1.38866886e-01   6.41669263e-04  -3.59728038e-02]
 [ -6.64283931e-02   4.19708453e-02   1.35471284e-01  -4.75787342e-01
    2.97094643e-01  -6.96632445e-01  -6.95243254e-02  -6.48647398e-02
   -3.22110415e-01  -1.15984036e-02  -3.19650292e-01   3.83366384e-02
    4.30229664e-01   3.82542461e-01   4.23720814e-02  -3.80687773e-01]
 [ -5.29884577e-01   4.34067100e-02  -4.56038922e-01  -1.56756431e-01
   -2.20538955e-03  -4.56582934e-01  -6.80124223e-01   5.95302656e-02
   -6.30755275e-02  -6.78473897e-03  -9.73206013e-02  -1.64676577e-01
   -3.92323852e-01   9.54555646e-02  -2.50275820e-01   4.79786545e-02]
 [  1.17333621e-01  -9.90653187e-02   6.39743879e-02  -8.07276726e-01
    4.41959240e-02  -6.25868678e-01  -7.46256649e-01   4.33448851e-02
   -7.45808892e-03   4.76066135e-02   6.16249561e-01  -9.89787281e-01
   -7.79849172e-01  -9.48187113e-01  -6.06476545e-01  -1.56222865e-01]
 [ -1.87385052e-01  -4.75545265e-02  -3.63142490e-01  -5.93338549e-01
    6.10204302e-02  -8.04118335e-01  -4.29649472e-01  -3.62510309e-02
    8.83801058e-02   1.17026538e-01  -3.99539679e-01  -2.89882302e-01
   -1.25803635e-01  -1.73660025e-01  -2.68633991e-01   1.98942408e-01]]
Bob
[[  1.16667822e-01  -5.01751065e-01  -3.12716886e-02  -1.16913477e-02
    1.25769991e-03  -6.13105930e-02  -2.35964693e-02  -2.94701126e-03
   -8.31074268e-02  -7.98429251e-02   2.50048399e-01   3.69367033e-01
   -7.41976500e-02  -2.69640870e-02   7.90594518e-03   6.15342408e-02]
 [  1.10233948e-01  -5.00729799e-01  -2.96190307e-02  -9.51769669e-03
    1.63521618e-03  -5.53977937e-02  -2.53964476e-02  -1.93874550e-03
   -7.65135959e-02  -7.40307868e-02   2.49885514e-01   3.67090374e-01
   -6.99789450e-02  -2.58623045e-02   6.84277574e-03   6.02970012e-02]
 [  1.10510051e-01  -5.00957549e-01  -3.14815491e-02  -9.65981185e-03
    1.72954192e-03  -5.50455414e-02  -2.41182130e-02  -2.38622469e-03
   -7.91020840e-02  -7.69417658e-02   2.49960452e-01   3.67188573e-01
   -7.13601783e-02  -2.58798916e-02   8.63182452e-03   6.44318238e-02]
 [  1.10888615e-01  -5.01516700e-01  -3.16922329e-02  -9.77933872e-03
    1.93216407e-03  -5.56692295e-02  -2.55017374e-02  -1.80324132e-03
   -7.87202939e-02  -7.65977800e-02   2.50163585e-01   3.67291272e-01
   -7.19095618e-02  -2.57333927e-02   8.35307222e-03   6.23472780e-02]
 [  1.09316126e-01  -5.01357317e-01  -3.23988274e-02  -9.70991701e-03
    1.89742993e-03  -5.45455627e-02  -2.48952806e-02  -1.97933498e-03
   -7.91300833e-02  -7.71609098e-02   2.50059426e-01   3.68892103e-01
   -7.19781369e-02  -2.57214028e-02   9.33236815e-03   6.36618063e-02]
 [  1.09983213e-01  -5.00510037e-01  -3.09360437e-02  -9.53745097e-03
    1.69873482e-03  -5.48044443e-02  -2.36493312e-02  -2.02482566e-03
   -7.73446411e-02  -7.53157884e-02   2.49863863e-01   3.67887735e-01
   -7.00581372e-02  -2.46181451e-02   7.65969045e-03   6.39670193e-02]
 [  1.10241912e-01  -5.00001132e-01  -3.09595801e-02  -9.93512198e-03
    1.62600237e-03  -5.54759130e-02  -2.42518764e-02  -2.35038507e-03
   -7.85373598e-02  -7.62520283e-02   2.49806046e-01   3.67835432e-01
   -7.11230040e-02  -2.57623978e-02   8.08064360e-03   6.28530011e-02]
 [  1.10637888e-01  -5.00458598e-01  -3.16111483e-02  -9.90170054e-03
    1.71331200e-03  -5.54196090e-02  -2.37122215e-02  -2.38313596e-03
   -7.93529898e-02  -7.71262348e-02   2.49842629e-01   3.67921174e-01
   -7.14221969e-02  -2.57592779e-02   8.72264616e-03   6.43197820e-02]
 [  1.14777498e-01  -5.02489924e-01  -3.26215960e-02  -1.13008600e-02
    1.64368062e-03  -5.93386590e-02  -2.38511916e-02  -2.54601939e-03
   -8.30504671e-02  -8.01909417e-02   2.50099003e-01   3.69373649e-01
   -7.42983967e-02  -2.61732265e-02   8.99898354e-03   6.30245060e-02]
 [  1.10718511e-01  -5.00672162e-01  -2.95352917e-02  -9.59474687e-03
    1.49543141e-03  -5.56989834e-02  -2.50704363e-02  -2.27342965e-03
   -7.73469880e-02  -7.46909380e-02   2.49989599e-01   3.67303520e-01
   -7.02605247e-02  -2.65129209e-02   7.04239681e-03   6.10520840e-02]
 [  1.09310322e-01  -4.99885678e-01  -2.88464706e-02  -8.94397497e-03
    1.66178984e-03  -5.42573743e-02  -2.58405227e-02  -1.60662527e-03
   -7.48133212e-02  -7.22561181e-02   2.49912888e-01   3.67092878e-01
   -6.86722845e-02  -2.55878679e-02   6.14613760e-03   5.98092787e-02]
 [  1.08549409e-01  -4.98404354e-01  -2.90873032e-02  -8.42083339e-03
    1.75674458e-03  -5.33681400e-02  -2.60986164e-02  -1.48477056e-03
   -7.40901381e-02  -7.19021484e-02   2.49968007e-01   3.65945339e-01
   -6.84112683e-02  -2.54891980e-02   6.32919092e-03   6.08143136e-02]
 [  1.11570433e-01  -5.00653744e-01  -2.95819435e-02  -9.76216793e-03
    1.62158359e-03  -5.64669333e-02  -2.56655253e-02  -1.94144563e-03
   -7.74913803e-02  -7.44164810e-02   2.49846041e-01   3.67671490e-01
   -7.05367327e-02  -2.60993037e-02   6.66461466e-03   5.96000031e-02]
 [  1.11093342e-01  -5.00096977e-01  -3.17165852e-02  -1.00633753e-02
    1.69185759e-03  -5.58371320e-02  -2.39289403e-02  -2.34412169e-03
   -7.95246363e-02  -7.74112865e-02   2.49945030e-01   3.67619216e-01
   -7.18102008e-02  -2.59020869e-02   8.65804218e-03   6.41151071e-02]
 [  1.09414101e-01  -5.00016630e-01  -3.19170617e-02  -9.32510104e-03
    1.94286660e-03  -5.39549850e-02  -2.36685574e-02  -1.78617705e-03
   -7.74710700e-02  -7.58912563e-02   2.49866575e-01   3.67347330e-01
   -7.03344196e-02  -2.41882838e-02   8.39191768e-03   6.54592365e-02]
 [  1.09254979e-01  -5.00614882e-01  -3.05192079e-02  -8.40331707e-03
    1.92687602e-03  -5.34633771e-02  -2.60446314e-02  -1.49343023e-03
   -7.59502202e-02  -7.38603249e-02   2.49892697e-01   3.66816342e-01
   -6.96242750e-02  -2.57977210e-02   7.58955115e-03   6.26714081e-02]
 [  7.60719106e-02   1.13079220e-03   7.20618572e-03   2.14370387e-03
    1.12003445e-05  -3.84842940e-02  -7.13051809e-03   8.50852020e-03
   -2.70736113e-04   2.82401638e-03   2.17469278e-05   9.71492482e-05
    1.91249856e-04   7.37975677e-03  -2.64420230e-02   4.00087144e-03]
 [  7.55555481e-02   1.13724696e-03   7.11628050e-03   2.12387741e-03
    5.07510267e-05  -3.82375121e-02  -7.05413520e-03   8.45639315e-03
   -3.00575659e-04   2.80034030e-03   4.96760404e-05   4.05376741e-05
    1.64877187e-04   7.30806775e-03  -2.62508634e-02   3.98811419e-03]
 [  7.60778636e-02   1.72520813e-03   7.16822827e-03   2.09313957e-03
   -1.35661121e-05  -3.84490192e-02  -7.12216739e-03   8.49568564e-03
   -1.88979175e-04   2.84297508e-03  -3.22804499e-06   6.04338347e-05
    1.88578575e-04   7.34801684e-03  -2.64377668e-02   3.99370492e-03]
 [  7.57367387e-02   1.42529351e-03   7.17065064e-03   2.04349635e-03
    2.99603062e-06  -3.82544883e-02  -7.11900927e-03   8.50110129e-03
   -1.86497462e-04   2.81037088e-03  -1.69032010e-05  -3.08154558e-05
    2.14677450e-04   7.33378017e-03  -2.63196267e-02   3.97020346e-03]
 [  7.64525086e-02   1.88158045e-03   7.26709701e-03   2.09535775e-03
    2.69438187e-05  -3.86054926e-02  -7.18829129e-03   8.55103508e-03
   -2.10503349e-04   2.86885723e-03  -5.37873566e-05   4.92373074e-05
    1.97484434e-04   7.40299514e-03  -2.65621543e-02   4.02050326e-03]
 [  7.59022906e-02   2.85405898e-04   7.17418129e-03   2.12533632e-03
    5.62990899e-05  -3.83224115e-02  -7.19752768e-03   8.50564335e-03
   -1.99539500e-04   2.80319224e-03   3.62286592e-05   6.94339687e-05
    1.73062130e-04   7.29861669e-03  -2.64072530e-02   4.00445657e-03]
 [  7.60994628e-02   1.78631581e-03   7.15514971e-03   2.08200281e-03
    9.35725666e-08  -3.85458991e-02  -7.04542547e-03   8.50295927e-03
   -3.15449026e-04   2.81334878e-03  -3.95164025e-05   4.56607995e-05
    1.13000577e-04   7.34207407e-03  -2.64392924e-02   4.00649291e-03]
 [  7.57555142e-02   1.26434746e-03   7.15372991e-03   2.10305909e-03
    2.91722627e-05  -3.83195132e-02  -7.09610991e-03   8.47859494e-03
   -1.06687949e-04   2.79373885e-03   6.81350284e-05   4.29019092e-05
    1.84141652e-04   7.31514720e-03  -2.63286550e-02   3.96869704e-03]
 [  7.55254850e-02   1.62014854e-03   7.12565426e-03   2.07890943e-03
    2.05153792e-05  -3.82416472e-02  -7.08479062e-03   8.46183486e-03
   -1.95761997e-04   2.79379659e-03   1.30987719e-05   5.25541145e-05
    1.74755522e-04   7.28346128e-03  -2.62905974e-02   3.99078708e-03]
 [  7.57655650e-02   1.45888468e-03   7.15560187e-03   2.08128360e-03
   -1.65039194e-06  -3.83154079e-02  -7.06596393e-03   8.45851190e-03
   -2.45159754e-04   2.86255032e-03   3.42121712e-05   7.18461815e-05
    2.19262962e-04   7.33012147e-03  -2.63321511e-02   3.95899499e-03]
 [  7.59796202e-02   9.05677851e-04   7.18359509e-03   2.11146148e-03
    5.26955118e-05  -3.84349488e-02  -7.11523462e-03   8.51864554e-03
   -3.00291169e-04   2.80997460e-03   5.07682162e-05   6.21803629e-05
    1.83791577e-04   7.33206281e-03  -2.64209118e-02   3.99773335e-03]
 [  7.62885958e-02   1.80787931e-03   7.18794530e-03   2.12815590e-03
    3.68055116e-05  -3.85502130e-02  -7.14780670e-03   8.53738096e-03
   -1.70680418e-04   2.83717620e-03   4.28835083e-05   6.34186435e-05
    1.88942460e-04   7.37694278e-03  -2.65307091e-02   3.98849091e-03]
 [  7.58419633e-02   2.10734620e-03   7.15602189e-03   2.11196742e-03
   -3.61903403e-06  -3.83764878e-02  -7.08101690e-03   8.47631041e-03
   -2.49645993e-04   2.81958864e-03  -4.10038556e-05   1.42592151e-04
    1.74158864e-04   7.30994670e-03  -2.63404530e-02   3.99646070e-03]
 [  7.64544979e-02   1.15929393e-03   7.21435808e-03   2.15879106e-03
    2.88793453e-05  -3.86306345e-02  -7.20374659e-03   8.57085548e-03
   -1.68512721e-04   2.82931607e-03   6.28667476e-05   3.77092911e-05
    1.93421205e-04   7.38504017e-03  -2.66025867e-02   4.02202038e-03]
 [  7.60851130e-02   7.16720300e-04   7.18504330e-03   2.11836374e-03
    5.83788133e-05  -3.85404639e-02  -7.14342995e-03   8.53817631e-03
   -2.51885300e-04   2.79771211e-03   2.60251054e-05   5.60691296e-05
    1.91115498e-04   7.37410923e-03  -2.65266951e-02   4.03840607e-03]
 [  7.61260390e-02   1.05810002e-03   7.20024854e-03   2.08455208e-03
    2.15244327e-05  -3.84932831e-02  -7.12513784e-03   8.53432156e-03
   -2.70938908e-04   2.85153440e-03   1.48940189e-05   5.04441086e-05
    1.97712448e-04   7.36188237e-03  -2.64812335e-02   4.01457772e-03]
 [  2.42761239e-01  -7.85551444e-02  -1.72100484e-01   9.56647322e-02
    1.77019969e-01   2.51674443e-01  -3.81536335e-01   5.41743003e-02
   -1.07020354e+00   2.46904299e-01  -9.30183828e-02   4.85095531e-01
    1.28232017e-01   2.65291542e-01  -9.56584588e-02   4.23906632e-02]
 [ -2.71458000e-01  -4.02904786e-02   3.70452613e-01  -2.51598030e-01
    4.22563374e-01  -6.48346916e-02   1.23715669e-01  -6.55336320e-01
   -8.26353908e-01  -7.34992772e-02   1.74991861e-01   2.35864788e-01
   -1.22897223e-01  -9.98992398e-02  -5.29852748e-01   3.45884860e-01]
 [ -1.65806562e-02   2.83408575e-02  -3.70141678e-02   1.03058505e+00
    2.72392273e-01  -1.00954838e-01  -1.04823494e-02   7.75345182e-03
   -1.89315021e-01   1.02114767e-01  -6.39797747e-03   2.24612519e-01
    5.39861573e-03   2.44858637e-02  -1.16967946e-01   1.83997959e-01]
 [ -8.26598257e-02  -3.71108763e-02  -3.26333717e-02  -2.04106539e-01
    3.16961408e-01  -5.62935472e-01   8.13576132e-02  -3.90768750e-03
   -4.88632590e-01   5.42207181e-01   1.74450632e-02   1.76117167e-01
    4.81816120e-02  -7.22474009e-02  -4.38229859e-01   2.21255004e-01]
 [ -9.56849083e-02  -7.66458437e-02   4.12617400e-02  -7.92562217e-02
    1.19161710e-01  -2.36757740e-01   3.44115049e-01  -8.58696401e-02
   -4.46853459e-01  -1.69996515e-01  -4.90553230e-02   4.00049031e-01
    8.25587928e-01   1.21783428e-01   8.93938243e-02  -3.08692038e-01]
 [  3.44800064e-04   2.16634176e-03  -2.93494407e-02   1.38311923e-01
   -1.21728715e-03  -3.53968353e-03   2.73235682e-02   9.19440296e-03
   -6.22643292e-01   8.20363760e-02  -6.22444972e-03   5.36801159e-01
    2.39657168e-03  -8.33293647e-02  -1.35321796e-01   1.11179434e-01]
 [ -6.51884452e-02   1.05994098e-01  -4.83188964e-02  -1.93343580e-01
    6.74852788e-01  -3.55290025e-01   1.95008174e-01  -7.52233621e-03
   -6.10077083e-01   4.21730042e-01   6.28858283e-02   3.15485507e-01
    2.54364729e-01   5.64522505e-01  -6.55749857e-01   3.71906042e-01]
 [  1.02049269e-01   4.82069105e-02   8.17572653e-01   2.44236588e-01
    5.96516281e-02   6.91647753e-02  -4.39460091e-02  -4.09985110e-02
   -9.14874494e-01   1.76184531e-02  -6.41632453e-02   1.94944106e-02
    1.57048672e-01   2.17967797e-02  -3.82929891e-01   7.92211741e-02]
 [ -1.10295808e+00  -1.89961530e-02  -1.64501160e-01  -2.59265572e-01
    8.05906594e-01  -4.99664992e-01  -3.40021580e-01  -3.88807267e-01
   -1.13612020e+00  -1.34571999e-01  -1.00950092e-01   5.97042620e-01
   -9.34383869e-02  -1.17593564e-01  -7.85701394e-01   6.64978087e-01]
 [  2.85252869e-01   2.31062202e-03  -4.49683033e-02  -7.45876208e-02
   -3.29615027e-02   1.99817881e-01   2.39742436e-02   9.11182817e-03
   -4.03779745e-01   9.30182710e-02   1.00421834e+00   7.34213471e-01
    6.15326650e-02  -9.99823734e-02  -1.88841313e-01   1.12882793e-01]
 [  2.32617985e-02   7.50890076e-02   3.02469172e-02  -2.63937384e-01
    8.05558711e-02  -7.11143250e-03  -9.91410110e-03   1.33118600e-01
   -1.08110893e+00   2.72029996e-01  -5.28893061e-02   6.82481349e-01
    4.64571686e-03   1.24982812e-01  -1.62636727e-01  -4.57370818e-01]
 [ -5.01166880e-02   5.63287176e-02  -4.47771624e-02  -4.76450622e-01
    3.38922113e-01  -6.75919592e-01   3.41565639e-01  -1.29902035e-01
   -7.58764923e-01   6.51333928e-01   8.46429467e-02   3.37566495e-01
    2.05978006e-01   2.28107646e-01  -2.90154129e-01   1.30742611e-02]
 [ -7.59194195e-02  -1.16318958e-02   7.81748891e-02   1.41488209e-01
    4.06764261e-02  -1.75021172e-01   2.32997119e-01   6.37519658e-02
   -9.49859083e-01   3.28143507e-01   1.99756920e-02   2.72258967e-01
   -5.62623441e-02  -9.56241786e-02  -3.27707261e-01   3.67235281e-02]
 [ -2.09157363e-01  -6.03045300e-02  -6.27166107e-02  -3.13522816e-01
    4.45658326e-01  -9.22041059e-01   7.77736753e-02  -1.18220681e-02
   -9.35228229e-01   7.90020645e-01  -1.92545689e-04   2.80631542e-01
   -1.14264647e-02  -1.04173698e-01  -8.28208864e-01   4.93196785e-01]
 [ -2.19494496e-02   7.22437166e-03   1.24608574e-03   4.81788330e-02
   -1.09483480e+00   1.03498138e-01  -4.26055528e-02  -1.95565028e-03
    2.11300682e-02  -1.47404671e-01  -1.82107314e-02  -3.44139896e-02
   -1.27108827e-01   2.07178257e-02   2.46925540e-02   2.41748430e-02]
 [  9.46717560e-02   8.96959081e-02   1.18175358e-01  -4.22919452e-01
   -1.50295064e-01  -4.31720987e-02   2.38505349e-01  -5.52878529e-03
   -7.43048549e-01   1.69852301e-01   1.92372844e-01   5.31453013e-01
    3.54084611e-01   1.08195007e-01  -2.23017767e-01  -1.38170034e-01]]
Eve
[[ -4.27172363e-01   2.83654690e-01  -1.67199597e-02  -5.75183094e-01
   -4.11633588e-02  -9.62814391e-01   2.79259205e-01  -1.31630832e-02
    9.66522470e-02  -4.13380980e-01  -5.81848994e-02   2.82462120e-01
    1.39537111e-01  -1.95321679e-01  -1.77741319e-01  -1.37194749e-02]
 [ -4.18706417e-01   2.72174984e-01  -3.11559085e-02  -5.35663843e-01
   -3.85790281e-02  -9.70212221e-01   2.65775084e-01  -3.91474552e-03
    9.44035351e-02  -4.33658540e-01  -6.06848337e-02   2.66157091e-01
    1.36343390e-01  -1.87198564e-01  -1.69155285e-01  -3.54263280e-03]
 [ -4.28968191e-01   2.82512963e-01  -3.60424183e-02  -5.50769210e-01
   -3.74040715e-02  -9.68757212e-01   2.74795294e-01  -1.59341507e-02
    9.77463499e-02  -4.21183318e-01  -6.65325820e-02   2.76400417e-01
    1.42894790e-01  -1.89607009e-01  -1.74776927e-01  -7.71865528e-03]
 [ -4.24830824e-01   2.80952722e-01  -3.23566757e-02  -5.48103273e-01
   -3.88697982e-02  -9.66191173e-01   2.73549110e-01  -1.17158946e-02
    9.69955325e-02  -4.23554480e-01  -6.29024580e-02   2.74111062e-01
    1.41605243e-01  -1.90725341e-01  -1.74641669e-01  -5.34766354e-03]
 [ -4.28309113e-01   2.82669902e-01  -3.55851203e-02  -5.50186336e-01
   -3.81040536e-02  -9.72078204e-01   2.75116801e-01  -1.61595643e-02
    9.81835574e-02  -4.21399176e-01  -6.51239455e-02   2.75729567e-01
    1.43432215e-01  -1.89414591e-01  -1.76069960e-01  -6.47794362e-03]
 [ -4.25725549e-01   2.76257604e-01  -3.60939279e-02  -5.44303954e-01
   -3.73998769e-02  -9.75627780e-01   2.68582344e-01  -1.16978353e-02
    9.68707427e-02  -4.29310083e-01  -6.61937222e-02   2.69024551e-01
    1.39895648e-01  -1.86378986e-01  -1.70668453e-01  -8.07360467e-03]
 [ -4.23334748e-01   2.78754205e-01  -3.21028978e-02  -5.49515128e-01
   -3.82984281e-02  -9.70323205e-01   2.71410972e-01  -1.07279643e-02
    9.67826396e-02  -4.24745500e-01  -6.44173920e-02   2.71795332e-01
    1.40116990e-01  -1.88765258e-01  -1.72403812e-01  -7.45591801e-03]
 [ -4.27652836e-01   2.81282544e-01  -3.48682776e-02  -5.52730441e-01
   -3.75762358e-02  -9.71699238e-01   2.74739921e-01  -1.60554722e-02
    9.87983048e-02  -4.20682430e-01  -6.60725906e-02   2.75561482e-01
    1.42143637e-01  -1.89329997e-01  -1.74989179e-01  -9.21043940e-03]
 [ -4.29934353e-01   2.86103576e-01  -2.24235728e-02  -5.75118899e-01
   -4.06451598e-02  -9.63903308e-01   2.79968023e-01  -1.70779284e-02
    9.76601541e-02  -4.11729991e-01  -6.13220446e-02   2.83805460e-01
    1.42814830e-01  -1.94438249e-01  -1.79350048e-01  -1.28121804e-02]
 [ -4.22967881e-01   2.76208997e-01  -3.18103768e-02  -5.40051997e-01
   -3.84375490e-02  -9.71592724e-01   2.68940270e-01  -6.83499547e-03
    9.44470242e-02  -4.30425972e-01  -6.16431944e-02   2.69751161e-01
    1.37575522e-01  -1.88851848e-01  -1.71107084e-01  -4.58528474e-03]
 [ -4.19777036e-01   2.69372076e-01  -3.60909589e-02  -5.24060905e-01
   -3.81595567e-02  -9.74447370e-01   2.62059391e-01  -1.20819500e-03
    9.34614912e-02  -4.40520257e-01  -6.12672679e-02   2.61748403e-01
    1.34365767e-01  -1.84976414e-01  -1.66538298e-01  -9.22307197e-04]
 [ -4.17368919e-01   2.69673675e-01  -4.13313694e-02  -5.19446552e-01
   -3.70140523e-02  -9.73241746e-01   2.62422055e-01  -2.73283874e-03
    9.41595733e-02  -4.40936565e-01  -6.31878972e-02   2.60926157e-01
    1.36502430e-01  -1.83216020e-01  -1.66372910e-01   5.00606548e-04]
 [ -4.18977767e-01   2.72386491e-01  -2.86950823e-02  -5.38528085e-01
   -3.95897813e-02  -9.70354497e-01   2.66835511e-01  -3.63363628e-03
    9.39197317e-02  -4.32443202e-01  -5.88247590e-02   2.67166495e-01
    1.35430947e-01  -1.87913388e-01  -1.70130149e-01  -3.63529730e-03]
 [ -4.27663743e-01   2.81533241e-01  -3.27468999e-02  -5.55176973e-01
   -3.79581265e-02  -9.68476057e-01   2.74604261e-01  -1.57279912e-02
    9.73955467e-02  -4.20462161e-01  -6.54267445e-02   2.76044458e-01
    1.41998783e-01  -1.90727293e-01  -1.75340310e-01  -8.82259477e-03]
 [ -4.23760027e-01   2.78943002e-01  -4.07463089e-02  -5.42911053e-01
   -3.62987816e-02  -9.74498391e-01   2.70069897e-01  -1.53852152e-02
    9.85694751e-02  -4.26181346e-01  -6.94128722e-02   2.70205051e-01
    1.42709658e-01  -1.85597569e-01  -1.72361657e-01  -8.25015083e-03]
 [ -4.28622842e-01   2.76864111e-01  -4.41581942e-02  -5.29370844e-01
   -3.63651738e-02  -9.74285185e-01   2.70151794e-01  -1.10751037e-02
    9.68957767e-02  -4.31287706e-01  -6.54136762e-02   2.68157780e-01
    1.41542912e-01  -1.86609656e-01  -1.71203688e-01  -9.35830642e-04]
 [  1.81223810e-01  -4.47379678e-01  -2.73609519e-01  -6.17360324e-02
    1.10000499e-01  -4.14065003e-01  -6.17246747e-01   7.72809759e-02
   -4.87486005e-01  -3.42277199e-01   1.43730223e-01  -5.77708483e-01
   -3.74147654e-01   4.24286366e-01   4.46765810e-01   1.70615882e-01]
 [ -1.05778146e+00   8.63072932e-01  -1.38554335e-01  -1.05857599e+00
    3.22377443e-01  -3.88709873e-01   9.22851980e-01   5.62780619e-01
    2.90167391e-01   5.13829112e-01  -6.26916826e-01   9.89250839e-02
    2.89408684e-01  -1.59014678e+00  -2.24681541e-01   5.07664233e-02]
 [ -1.19914281e+00   3.35107356e-01   9.68530536e-01   5.78256965e-01
   -2.80651487e-02  -4.43905890e-01   5.63455343e-01  -3.23500544e-01
   -4.11022715e-02   1.04703225e-01  -2.49584123e-01   2.34727427e-01
    3.55740458e-01   2.73359567e-02  -1.73332885e-01  -1.87990125e-02]
 [ -8.08944166e-01   8.89094174e-01  -8.68514955e-01  -1.58355132e-01
   -1.91054940e-02  -6.01981223e-01   7.27404356e-01  -5.55206656e-01
    2.30784506e-01  -4.19501603e-01  -2.84163415e-01   5.89012325e-01
    3.35190684e-01  -5.02086580e-01   5.86231127e-02  -1.33123726e-01]
 [  2.41305694e-01  -2.37151176e-01  -4.85992074e-01  -3.54082435e-01
    3.04852486e-01  -1.11386991e+00  -1.90054253e-01   3.24528396e-01
    7.83056095e-02  -3.48724693e-01   2.05186263e-01  -2.48983800e-01
   -1.30705595e-01   1.38794899e-01   4.37517129e-02  -3.98092270e-01]
 [ -2.91624784e-01   3.17706347e-01  -3.22199166e-02  -7.49484837e-01
   -2.38819659e-01  -7.02918410e-01   2.39427879e-01   1.80421054e-01
    3.48540805e-02  -6.39026687e-02  -2.07951337e-01  -2.42859963e-02
    2.25268841e-01  -3.00133526e-01   3.06964312e-02  -4.29970771e-02]
 [ -5.48162997e-01   1.07754298e-01   1.67115748e-01  -6.40472472e-01
    1.61067769e-01  -5.83288789e-01   5.52191138e-01  -4.97741625e-02
    2.47669831e-01  -1.42474458e-01  -1.71804577e-01   4.01221633e-01
    9.55615416e-02  -6.18909359e-01  -2.96372771e-01  -2.05923598e-02]
 [ -8.30748320e-01   7.68838286e-01  -5.61145484e-01  -1.28178990e+00
    2.25486919e-01  -3.89865577e-01   6.59266114e-01   2.97816217e-01
    3.21909994e-01   4.18675631e-01  -3.17633778e-01   1.10777006e-01
    5.95019341e-01  -9.37159598e-01  -1.76559597e-01   1.22751243e-01]
 [ -6.05364323e-01   1.27122355e+00  -7.89922714e-01  -1.14983606e+00
   -5.78822494e-02  -9.58048165e-01   1.37982130e+00   9.08821747e-02
    1.75692761e+00  -5.51238894e-01  -1.32110584e+00   4.50374335e-01
    1.69196278e-01  -1.97585154e+00  -1.02526605e+00  -5.28934151e-02]
 [ -5.93186796e-01   3.41591537e-01  -9.07218754e-02  -3.97639126e-01
   -6.05934151e-02  -1.18615830e+00   1.65400535e-01   4.73324597e-01
   -4.15654272e-01  -1.16352236e+00  -2.52085418e-01  -7.96947107e-02
    7.43104890e-02  -5.61032593e-01   8.65662564e-03  -1.61356717e-01]
 [  9.63547304e-02   9.13743302e-02  -2.34545276e-01  -4.05072212e-01
   -2.00017482e-01  -6.68963552e-01   1.54242605e-01  -5.03302775e-02
    1.40862405e-01  -1.92489490e-01   1.74173191e-01  -1.69232398e-01
   -5.34196496e-02  -1.43330097e-01   2.29189247e-01  -4.52708527e-02]
 [  3.39932926e-02   5.32473981e-01  -6.75513506e-01  -6.02132916e-01
    1.42894745e-01  -1.19949710e+00   3.59979153e-01  -1.05462177e-03
    8.02033097e-02  -9.64394093e-01  -2.69601285e-01   1.70872837e-01
    2.36298427e-01   8.17844495e-02  -1.89419374e-01  -3.66795927e-01]
 [ -4.83229697e-01   1.77795053e-01  -4.04227413e-02  -6.76706731e-01
    9.15868729e-02  -9.57831979e-01   1.18319206e-01   8.66486207e-02
   -4.66708206e-02  -3.04068834e-01  -5.45662940e-02   3.48867357e-01
    4.36258644e-01  -6.11627340e-01   6.06553331e-02  -2.13900059e-02]
 [ -9.70669746e-01   1.67129004e+00  -3.06844823e-02  -3.59073669e-01
    9.65532139e-02  -1.12745512e+00   1.65586770e+00   3.10422510e-01
    1.02382708e+00  -4.70306963e-01  -8.11350703e-01   1.48877490e+00
    6.54481888e-01  -1.75877964e+00  -9.09877062e-01   1.80060118e-01]
 [ -5.17762184e-01  -3.92913282e-01  -8.61282289e-01  -4.99696791e-01
    5.47800325e-02   8.33748933e-03  -2.56099701e-01  -4.59317535e-01
    3.73182818e-02   8.51680338e-02  -1.84101518e-02  -5.61609864e-02
   -1.25911266e-01  -2.97914837e-02   2.04653025e+00   1.80257291e-01]
 [ -5.78119755e-02  -5.34373820e-01  -2.97556296e-02  -8.75943840e-01
   -4.88972738e-02  -7.84685552e-01  -2.16659829e-01   1.24075487e-02
   -6.95314482e-02  -5.86553812e-01   2.06719488e-01  -4.71941084e-01
   -1.46095082e-01   5.78581214e-01   3.40909898e-01  -1.09905504e-01]
 [ -9.54821706e-01   1.42682648e+00   1.58260152e-01  -5.00498772e-01
    7.72680575e-03  -8.10141742e-01   1.29571760e+00  -4.14622724e-02
    2.28909802e+00  -3.13792020e-01  -5.69426835e-01   5.23372948e-01
    7.07637608e-01  -7.03871310e-01  -4.81303483e-01  -1.21482477e-01]
 [ -1.42985260e+00   2.13428915e-01  -1.87558979e-02  -7.42127597e-02
   -4.83854441e-03  -2.75935054e-01   1.78341746e-01  -1.80617068e-02
   -8.50325450e-02  -1.27898321e-01  -1.11362807e-01   8.43699872e-02
    8.09310973e-02  -2.20741361e-01   5.14347441e-02  -1.06845573e-02]
 [ -8.81152898e-02  -7.26359367e-01  -5.67040265e-01  -2.67449319e-01
    9.40105468e-02  -2.86328554e-01  -8.48334968e-01  -2.45139003e-01
   -1.42754883e-01  -1.29915148e-01   6.45696104e-01  -8.79247308e-01
   -7.04347491e-01   8.97810161e-01   3.71238410e-01  -1.74292490e-01]
 [  8.08947533e-03  -1.57086462e-01  -6.45431206e-02  -5.59393346e-01
    2.24312946e-01  -4.31299716e-01  -2.32063696e-01   2.85307348e-01
   -4.71571773e-01  -9.16600451e-02  -1.41303420e-01  -1.13891281e-01
    1.69772953e-02   5.14885187e-01   2.10008487e-01  -5.92342913e-02]
 [ -5.41751683e-01   1.22109067e+00   4.57718551e-01  -6.66377902e-01
    1.01310924e-01  -9.56611931e-01   1.12890530e+00   4.49648798e-01
    4.55481495e-05  -3.46876472e-01  -5.67317963e-01   1.65981114e+00
    6.68637455e-01  -1.35749137e+00  -5.73728263e-01  -1.43907234e-01]
 [ -8.72949541e-01   1.72203314e+00   2.45544612e-02  -6.60872698e-01
    9.69602913e-03  -1.24710441e+00   1.62102544e+00   7.94740170e-02
    1.82422891e-01  -6.82465315e-01  -9.04896915e-01   2.21199775e+00
    5.81701577e-01  -1.69404900e+00  -7.64950156e-01   3.25049721e-02]
 [  1.99588627e-01   1.64974973e-01  -1.70172870e-01  -1.02899921e+00
   -1.07408889e-01  -1.38439739e+00   5.67830622e-01   3.27946842e-02
    9.35917795e-02  -6.89289808e-01  -1.55316696e-01   7.91997910e-01
    2.56814778e-01  -7.07211494e-01  -2.14471191e-01   5.79605758e-01]
 [ -1.22035897e+00   1.08469200e+00   5.03681481e-01  -6.36188269e-01
    2.88238853e-01  -8.15209806e-01   1.04368186e+00   2.19686881e-01
   -5.43301851e-02   3.69474962e-02  -3.80516082e-01   1.20381641e+00
    9.97064531e-01  -1.33716846e+00   2.94863451e-02   7.08769858e-02]
 [ -1.50045648e-01  -1.22998476e-01  -2.10828066e-01  -4.38759953e-01
    1.95465684e-01  -9.31057870e-01  -2.14815959e-01  -3.76532823e-01
   -3.93226027e-01  -6.59131944e-01   9.64236930e-02  -7.04326155e-03
   -1.32869184e-01  -2.61983778e-02  -3.51066776e-02  -3.09027255e-01]
 [  9.12844241e-02   1.99228778e-01   2.21390530e-01  -9.35794055e-01
   -3.16151381e-02  -5.83041191e-01  -1.09799966e-01  -2.10704267e-01
    4.39185351e-02  -4.31950778e-01  -2.78559238e-01   3.08410197e-01
    4.63607222e-01  -2.33891338e-01   6.57126913e-03  -8.66830945e-02]
 [ -2.13085592e-01   2.11794406e-01  -1.32166699e-01  -4.41526264e-01
    4.32024449e-02  -1.04102385e+00   3.28288168e-01   6.34301305e-01
   -2.53211319e-01  -1.14568985e+00  -2.02392086e-01  -7.44086206e-02
    1.36408061e-01  -4.69742298e-01  -4.02963236e-02   1.15461014e-01]
 [ -2.93249190e-01   2.53192782e-01   4.03559841e-02  -8.50294113e-01
    2.24993899e-01  -9.86062288e-01   2.73730308e-01  -1.82389864e-03
    1.44698638e-02   9.01728217e-03  -2.51806200e-01   2.91502923e-01
   -1.05637237e-02  -5.08489251e-01  -1.33539557e-01  -2.85544060e-02]
 [  5.48278332e-01  -7.22848594e-01   9.93913487e-02  -6.73799872e-01
    6.06318265e-02  -6.18013680e-01  -6.23050988e-01  -1.49648339e-01
   -4.51216251e-01   8.49070996e-02   2.40395069e-02   1.54557172e-02
   -4.63413805e-01   5.53943396e-01   2.52535611e-01   2.28456780e-01]
 [  3.22898418e-01  -4.11068112e-01  -4.19822782e-01  -4.60351259e-01
    2.67344397e-02  -4.52812076e-01  -1.17975891e-01   3.25371802e-01
    2.27949411e-01  -3.07714045e-01   2.63838530e-01  -6.56297982e-01
   -3.27924415e-02   7.34928370e-01   6.65725470e-01   2.06457913e-01]
 [ -1.28076315e+00   1.55280781e+00   6.71191931e-01  -7.50367165e-01
    8.92346948e-02  -1.17405033e+00   1.65011930e+00   4.23760056e-01
   -2.44154051e-01  -3.32186103e-01  -9.19636667e-01   2.09426570e+00
    1.48663223e+00  -2.51928377e+00  -3.22079509e-01   1.09374456e-01]
 [ -1.54255807e-01  -4.74195220e-02  -1.40680805e-01  -5.78762650e-01
   -6.60459548e-02  -8.30970764e-01   3.57850492e-01   1.44921437e-01
   -3.26143831e-01  -4.37083066e-01  -3.56825113e-01   4.00005579e-01
    1.47264063e-01  -3.75954986e-01  -2.07438603e-01   2.09202692e-01]]