Alice
[[  2.20921457e-01   1.81296200e-03  -1.91529735e-03   2.36484222e-03
    1.69621047e-03  -2.20803544e-03  -2.24691466e-03  -2.35505612e-03
    2.84641772e-03  -2.30794074e-03  -1.09028006e-02   2.05711694e-03
   -2.41619721e-03  -3.02015711e-03  -2.58152653e-03   2.77300482e-03]
 [  2.20408812e-01   1.89618871e-03  -1.97827071e-03   2.43660063e-03
    1.73628214e-03  -2.30176607e-03  -2.40827235e-03  -2.43702461e-03
    2.97538168e-03  -2.42437096e-03  -1.11249769e-02   2.11502053e-03
   -2.49157823e-03  -3.09248688e-03  -2.66952091e-03   2.84879259e-03]
 [  2.22146973e-01   1.73084938e-03  -1.82496826e-03   2.31850869e-03
    1.60041207e-03  -2.15861481e-03  -2.15898314e-03  -2.31509306e-03
    2.81329476e-03  -2.25443020e-03  -1.18283983e-02   1.99258025e-03
   -2.32946570e-03  -2.95752939e-03  -2.53431732e-03   2.68657552e-03]
 [  2.18435630e-01   1.73499691e-03  -1.86918280e-03   2.31669145e-03
    1.63787731e-03  -2.10897508e-03  -2.19722418e-03  -2.28447188e-03
    2.73552444e-03  -2.24444107e-03  -1.09853912e-02   2.00731866e-03
   -2.36635818e-03  -2.92122294e-03  -2.49895966e-03   2.70335027e-03]
 [  2.17468143e-01   1.86875474e-03  -1.98730500e-03   2.44026631e-03
    1.74936408e-03  -2.28401949e-03  -2.35740212e-03  -2.40621716e-03
    2.94598239e-03  -2.35620816e-03  -1.13406815e-02   2.12526019e-03
   -2.46353564e-03  -3.15234344e-03  -2.63079419e-03   2.81072943e-03]
 [  2.19594702e-01   1.82759087e-03  -1.98181486e-03   2.42075347e-03
    1.73712103e-03  -2.28068256e-03  -2.32038717e-03  -2.39854748e-03
    2.88323592e-03  -2.38554296e-03  -1.08513683e-02   2.12719105e-03
   -2.47877673e-03  -3.07214959e-03  -2.62990245e-03   2.81641516e-03]
 [  2.22123086e-01   1.89946522e-03  -2.03902158e-03   2.49285717e-03
    1.77990925e-03  -2.33985973e-03  -2.36580288e-03  -2.48986785e-03
    2.99776765e-03  -2.44837743e-03  -1.17687993e-02   2.18992843e-03
   -2.54850765e-03  -3.18390573e-03  -2.71659205e-03   2.91207549e-03]
 [  2.20959485e-01   1.84986927e-03  -1.98305072e-03   2.36239284e-03
    1.69128703e-03  -2.24219449e-03  -2.28436873e-03  -2.36563990e-03
    2.84429500e-03  -2.35256762e-03  -1.15019679e-02   2.07592524e-03
   -2.47035990e-03  -3.09941219e-03  -2.57412670e-03   2.80406326e-03]
 [  2.20010772e-01   2.04688427e-03  -2.14910065e-03   2.62196665e-03
    1.92485692e-03  -2.50298600e-03  -2.53640441e-03  -2.59151147e-03
    3.08443094e-03  -2.55795172e-03  -1.10339308e-02   2.30437447e-03
   -2.64725229e-03  -3.22446250e-03  -2.82847788e-03   2.99651083e-03]
 [  2.22033247e-01   1.80651667e-03  -1.86380930e-03   2.40101339e-03
    1.65920227e-03  -2.17838539e-03  -2.27287714e-03  -2.37939693e-03
    2.89844256e-03  -2.31035729e-03  -1.13960020e-02   2.05403194e-03
   -2.42085359e-03  -3.01408838e-03  -2.61143246e-03   2.75554834e-03]
 [  3.02701682e-01   1.09064532e-02  -1.05888946e-02   3.09735280e-03
    1.43013131e-02  -5.20433998e-03  -7.52026401e-03  -5.98650193e-03
    1.52312533e-03  -6.50167326e-03   1.30799904e-01   6.46320125e-03
   -5.13668777e-03  -1.02342749e-02  -3.70774185e-03   4.71497216e-04]
 [  2.22429320e-01   2.00367742e-03  -2.23824219e-03   2.60064611e-03
    1.95558812e-03  -2.47995113e-03  -2.49208813e-03  -2.63608107e-03
    3.13238287e-03  -2.61196867e-03  -1.12438817e-02   2.32747919e-03
   -2.70294631e-03  -3.33743403e-03  -2.83303321e-03   2.99596880e-03]
 [  2.20830232e-01   1.89443387e-03  -2.00339570e-03   2.41993670e-03
    1.70218945e-03  -2.31208582e-03  -2.34543951e-03  -2.37969449e-03
    2.88791885e-03  -2.39700242e-03  -1.14825312e-02   2.10155430e-03
   -2.47444329e-03  -3.04977992e-03  -2.63084308e-03   2.81029101e-03]
 [  2.17710063e-01   1.71968481e-03  -1.86111720e-03   2.31212447e-03
    1.61622255e-03  -2.16549821e-03  -2.25781719e-03  -2.28859810e-03
    2.75730551e-03  -2.27657007e-03  -1.08005721e-02   2.00278405e-03
   -2.35886732e-03  -2.98420596e-03  -2.53301207e-03   2.70508253e-03]
 [  2.20912427e-01   1.90004078e-03  -2.03432329e-03   2.48024496e-03
    1.75471383e-03  -2.33886484e-03  -2.38683610e-03  -2.44475016e-03
    2.93671456e-03  -2.44818279e-03  -1.08383996e-02   2.15378636e-03
   -2.55923485e-03  -3.16784647e-03  -2.70109810e-03   2.87961029e-03]
 [  2.19434202e-01   1.88379595e-03  -1.91433856e-03   2.44379113e-03
    1.76446431e-03  -2.28121574e-03  -2.32575391e-03  -2.39251344e-03
    2.95456965e-03  -2.39447737e-03  -1.13512846e-02   2.10314617e-03
   -2.43338523e-03  -3.06168012e-03  -2.62456131e-03   2.79427622e-03]
 [  2.39964146e-02   2.94780898e+00  -2.72000480e+00   2.95453143e+00
    2.99100232e+00  -2.87550235e+00  -2.61774802e+00  -2.71022916e+00
   -6.86474964e-02  -2.81030822e+00  -7.39800557e-02   2.88990092e+00
   -2.63482404e+00  -4.45981920e-01  -2.65695977e+00   2.99143004e+00]
 [  3.68963517e-02   2.48951983e+00  -2.13112235e+00   2.18306088e+00
    2.48104262e+00  -2.49345541e+00  -1.97083735e+00  -2.12189054e+00
   -1.37030974e-01  -2.57149863e+00  -1.37893567e-02   2.48469496e+00
   -2.04379988e+00  -3.47263634e-01  -2.23597145e+00   2.67236829e+00]
 [  2.28080377e-02   3.06145000e+00  -2.97897530e+00   2.99549103e+00
    3.00155044e+00  -2.85768580e+00  -2.65844345e+00  -2.97300339e+00
   -7.07588196e-02  -2.94825697e+00  -8.32094193e-01   2.78105164e+00
   -3.02154112e+00  -3.50259990e-01  -2.86576414e+00   2.76969671e+00]
 [  1.10669419e-01   2.13758516e+00  -2.36816812e+00   2.15053678e+00
    2.63491082e+00  -2.43613005e+00  -2.59474778e+00  -2.62615275e+00
   -2.19100758e-01  -2.21327257e+00  -3.68224760e-03   2.67703247e+00
   -2.44821334e+00  -2.51896501e-01  -2.37145138e+00   2.64307785e+00]
 [ -1.21170804e-01   2.55718398e+00  -2.14621353e+00   2.64153028e+00
    2.40587568e+00  -2.78121495e+00  -2.25737739e+00  -2.29659653e+00
   -4.05004434e-02  -2.74616861e+00   3.13464910e-01   2.67742682e+00
   -2.58182502e+00   6.25073463e-02  -2.72736669e+00   2.31434298e+00]
 [  1.51778171e-02   2.73623943e+00  -2.76206422e+00   2.93201947e+00
    2.81131506e+00  -2.96629333e+00  -2.84164882e+00  -2.77637553e+00
   -2.22507995e-02  -2.86202884e+00  -7.11576045e-01   2.89748406e+00
   -2.92779112e+00  -1.85879850e+00  -2.83478642e+00   2.71486926e+00]
 [  2.06250492e-02   2.83918953e+00  -2.60687208e+00   2.95405555e+00
    2.81175518e+00  -2.71508861e+00  -2.96269822e+00  -2.95248318e+00
   -1.30701411e+00  -2.72703290e+00  -1.15219705e-01   2.79045415e+00
   -2.78805184e+00  -5.63285410e-01  -2.98171520e+00   2.89887810e+00]
 [ -2.32328802e-01   2.65902066e+00  -2.63945293e+00   2.53078222e+00
    2.48471618e+00  -2.40613055e+00  -2.60521483e+00  -2.61323690e+00
    2.06565857e-01  -2.68753624e+00  -3.92875075e-01   2.47609806e+00
   -2.62276030e+00  -4.56484079e-01  -2.50452709e+00   2.33320284e+00]
 [ -4.47567599e-03   2.59447074e+00  -2.92493701e+00   2.63757682e+00
    2.45827651e+00  -2.55278587e+00  -2.40013909e+00  -2.44326687e+00
   -6.22389186e-03  -2.88376141e+00   4.42872234e-02   2.36424375e+00
   -2.76420927e+00  -3.82982463e-01  -2.60988402e+00   2.51913166e+00]
 [  2.67471205e-02   2.58818102e+00  -2.74111485e+00   2.95281816e+00
    2.67716432e+00  -2.91576242e+00  -2.88800049e+00  -2.88370800e+00
   -7.81928301e-02  -2.66211677e+00  -1.09955762e-02   3.01997304e+00
   -2.73109841e+00  -5.56975067e-01  -2.72966695e+00   2.90596104e+00]
 [  2.37880815e-02   2.84146261e+00  -2.68266487e+00   3.03083396e+00
    3.01531720e+00  -2.92451286e+00  -3.00781846e+00  -2.99891138e+00
   -7.33177066e-02  -2.71940684e+00  -9.40835327e-02   2.81804752e+00
   -2.83561134e+00  -5.42907715e-01  -3.02117610e+00   3.09293723e+00]
 [  2.62354687e-02   3.01684093e+00  -2.91747594e+00   2.61189485e+00
    2.69800138e+00  -2.96435261e+00  -2.73447061e+00  -2.61662745e+00
   -6.98421746e-02  -2.83128452e+00  -1.73811596e-02   2.80157447e+00
   -2.76373172e+00  -5.39620459e-01  -2.75148129e+00   2.71371198e+00]
 [  1.23072304e-02   2.70314384e+00  -2.85972500e+00   2.79474640e+00
    2.73241925e+00  -2.60709286e+00  -2.91906238e+00  -2.85238314e+00
   -3.55359092e-02  -2.59138274e+00  -7.90294051e-01   2.73520780e+00
   -2.72741532e+00  -6.94066703e-01  -2.90614700e+00   2.68896365e+00]
 [ -2.72740096e-01   2.58791876e+00  -2.45731878e+00   2.67654157e+00
    2.38346601e+00  -2.29148316e+00  -2.60253930e+00  -2.27284908e+00
    7.37719312e-02  -2.50089407e+00   2.51746535e-01   2.17183566e+00
   -2.51851273e+00  -6.05500519e-01  -2.25200367e+00   2.52104783e+00]
 [  2.45999880e-02   2.75528097e+00  -2.98663831e+00   2.69352961e+00
    2.88307929e+00  -2.95402217e+00  -3.10133362e+00  -2.98520064e+00
   -6.33980408e-02  -3.03795075e+00  -8.86118561e-02   3.03885794e+00
   -2.93810678e+00  -5.25880635e-01  -2.92741132e+00   2.91989994e+00]
 [  2.27488037e-02   2.88417792e+00  -2.78686571e+00   2.70512748e+00
    2.72639346e+00  -2.75338101e+00  -2.80857801e+00  -2.85098886e+00
   -1.03757866e-01  -2.70581150e+00   1.49154232e-03   2.84956169e+00
   -2.53518844e+00  -6.11162722e-01  -2.74515200e+00   2.79336858e+00]]
Bob
[[ -3.08311172e-03  -1.64943945e-03  -5.04498137e-03  -3.16446112e-03
   -9.63540864e-04   8.87334161e-03  -3.60172032e-03   3.16445436e-03
    6.04647910e-03   4.87165293e-03  -5.05144745e-02  -6.34025363e-03
   -8.28686543e-03   2.85725761e-03   3.90205602e-03   3.48500139e-03]
 [ -5.48645295e-03  -6.31207717e-04  -3.32069234e-03  -2.11196748e-04
   -2.38700100e-04   4.67632245e-03  -6.82810741e-03   1.04476418e-03
    2.48433556e-03   4.13250551e-03   5.37686888e-03  -2.89402786e-03
   -3.87497339e-03   8.66485410e-04   6.15567062e-03   2.73323618e-03]
 [ -3.25901853e-03  -1.75433559e-03  -4.86190477e-03  -2.59172707e-03
   -1.59731449e-03   8.58148467e-03  -2.96076410e-03   3.11907521e-03
    6.41595060e-03   4.41545853e-03   3.24073690e-03  -5.38584031e-03
   -7.38047482e-03   2.64931493e-03  -5.05450070e-02   3.48112360e-03]
 [ -5.74187143e-03  -6.17912738e-04  -3.31312767e-03  -2.43788032e-04
   -3.89245310e-04   4.51607024e-03  -6.18168479e-03   9.74854454e-04
    2.25078617e-03   4.81831422e-03   6.06015557e-03  -3.36745312e-03
   -3.52990837e-03   7.70927523e-04   6.01891056e-03   2.60279491e-03]
 [ -6.12937286e-03  -8.70137766e-04  -3.73370782e-03  -5.13793144e-04
   -5.21861715e-04   5.46050025e-03  -6.58005429e-03   1.38830743e-03
    1.97530258e-03   5.32423612e-03   5.70265623e-03  -2.35232012e-03
   -5.00771962e-03   1.11402082e-03   6.07566256e-03   2.28058547e-03]
 [ -3.01150186e-03  -1.61785854e-03  -4.97656316e-03  -1.73657050e-03
   -6.63479965e-04   9.36487410e-03   5.59726693e-02   3.29061900e-03
    5.39724668e-03   5.02174767e-03   3.41931195e-03  -6.23637671e-03
   -7.72988191e-03   2.49567232e-03   3.51663190e-03   2.91540823e-03]
 [ -6.38700603e-03  -5.46500203e-04  -3.10899247e-03  -1.85393088e-04
   -1.42564109e-04   5.07021183e-03  -6.68703858e-03   8.96373123e-04
    2.39007105e-03   5.08253835e-03   6.17906032e-03  -2.95402575e-03
   -4.60333005e-03   6.51462818e-04   5.93957491e-03   3.65202129e-03]
 [  7.32042594e-04  -3.51264095e-03  -1.07308365e-02  -6.71243668e-03
   -5.59254363e-03   3.01242061e-03   4.80422139e-04   6.72410848e-03
   -3.21508832e-02   8.51081125e-03  -4.64153389e-04   3.92420292e-02
   -9.03283712e-03   6.20940467e-03  -1.16195821e-03  -2.31041592e-02]
 [ -5.29366452e-03  -5.38116146e-04  -2.93775462e-03  -9.25294007e-05
   -2.21151800e-04   4.30354755e-03  -6.16661087e-03   8.89125804e-04
    2.77113030e-03   4.45694709e-03   5.70448395e-03  -2.98142224e-03
   -3.63933388e-03   6.83636987e-04   5.48074860e-03   2.68502161e-03]
 [ -6.40074443e-03  -7.04980514e-04  -3.47361271e-03  -4.91748855e-04
   -5.21729467e-04   4.70856205e-03  -6.41624583e-03   1.16613717e-03
    2.59676366e-03   5.23579586e-03   5.77714294e-03  -3.76760424e-03
   -4.39722184e-03   9.51844326e-04   5.81541378e-03   3.58535186e-03]
 [ -6.84685865e-03  -7.08410051e-04  -3.31300125e-03  -2.21442562e-04
   -3.26395879e-04   5.61265415e-03  -6.74440572e-03   1.09515979e-03
    2.74009048e-03   4.47248481e-03   6.54822774e-03  -3.44635057e-03
   -4.90435306e-03   8.60790373e-04   6.25563459e-03   2.25260039e-03]
 [ -6.61244849e-03  -9.51543043e-04  -3.42979259e-03  -6.44037093e-04
   -7.06457125e-04   4.82825516e-03  -7.25855026e-03   1.45325495e-03
    2.90827081e-03   4.99769999e-03   5.86397387e-03  -3.60511127e-03
   -4.39663045e-03   1.26859848e-03   5.66282775e-03   3.16106202e-03]
 [  9.45487118e-05  -4.21812898e-03  -1.40863359e-02  -8.81349854e-03
   -8.09445605e-03  -5.58021069e-02   1.95662631e-03   5.85959433e-03
    7.00035319e-03   4.29666042e-03  -6.05479618e-05  -3.80454096e-03
    3.67862284e-02   7.89411552e-03  -3.28670139e-04   4.70195012e-03]
 [ -2.12346436e-03  -1.83434819e-03  -6.19151630e-03  -3.37227015e-03
   -2.34746770e-03   4.63694427e-03  -2.18672073e-03   3.24036437e-03
    7.30418507e-03  -4.83423173e-02   2.20067916e-03  -7.48789962e-03
   -7.43736979e-03   2.68083834e-03   2.07001437e-03  -2.47122012e-02]
 [ -2.14598351e-03  -1.80072139e-03   4.26674671e-02  -1.33930508e-03
   -2.02922290e-03   2.01253388e-02  -1.34167483e-03  -1.64522993e-04
    7.30110472e-03   4.19591554e-03   1.84553314e-03  -5.53678023e-03
    4.19396050e-02   5.16611617e-03   1.82770623e-03  -2.33198851e-02]
 [  4.93030772e-02  -1.73261215e-03  -5.06917108e-03  -3.25012510e-03
   -1.67616946e-03   8.67428724e-03  -3.79368453e-03   3.07877851e-03
    5.86309750e-03   5.02447272e-03   3.35950241e-03  -5.63790882e-03
   -7.93260336e-03   2.62892642e-03   4.02767025e-03   3.09022772e-03]
 [ -4.54352409e-01  -9.95002151e-01  -4.50835317e-01  -4.46688086e-01
   -4.46001321e-01   9.58545879e-02  -1.12861237e-02   4.38375026e-01
    4.53505695e-01   4.47334707e-01   4.55592513e-01  -4.55461949e-01
   -2.88728476e-02   4.36669946e-01   4.55657035e-01  -4.48285997e-01]
 [ -1.70335281e+00   2.66574293e-01  -2.00040674e+00  -1.82969761e+00
   -2.36759281e+00   5.61782539e-01  -1.55248657e-01   2.09796262e+00
    2.10428309e+00   1.84174407e+00   2.00718021e+00  -2.31967378e+00
    4.12995070e-01   2.02279782e+00   1.81014693e+00  -1.85368896e+00]
 [ -2.21326947e+00  -2.89352775e-01  -2.30331397e+00  -1.95866179e+00
   -2.25713754e+00   3.60951990e-01  -1.80656701e-01   2.24800730e+00
    2.01771188e+00   1.80267358e+00   2.19584489e+00  -1.84186637e+00
    5.40347338e-01   1.92108989e+00   2.28846574e+00  -2.26559567e+00]
 [ -2.20657587e+00   2.84173369e-01  -2.11452150e+00  -2.43924880e+00
   -1.76659501e+00   5.45509100e-01   1.23142831e-01   1.75902712e+00
    2.06167889e+00   1.94232368e+00   1.99165356e+00  -2.43510842e+00
   -2.63178468e-01   2.07900929e+00   2.24667048e+00  -2.23752475e+00]
 [ -2.16361785e+00   2.25586385e-01  -2.32903838e+00  -2.29823589e+00
   -1.90518808e+00   6.35737181e-01   1.94754779e-01   2.00898337e+00
    1.97424364e+00   2.24617147e+00   2.10874367e+00  -2.13759947e+00
    7.38825977e-01   1.93423474e+00   2.15080976e+00  -1.82549810e+00]
 [ -2.24695349e+00  -3.40035439e-01  -2.26820135e+00  -1.87074304e+00
   -2.10440874e+00   2.08812296e-01  -2.00143516e-01   1.73559260e+00
    2.27589774e+00   2.30328679e+00   2.28145266e+00  -2.44657135e+00
    5.77372536e-02   1.90774417e+00   2.15277886e+00  -2.19409060e+00]
 [ -1.79244101e+00   2.31748614e-02  -2.03156662e+00  -2.11202288e+00
   -1.98349249e+00   7.59819448e-01   1.35017052e-01   1.87879646e+00
    2.41678262e+00   1.79321420e+00   1.91636407e+00  -2.20213604e+00
    2.69126832e-01   2.17899013e+00   1.76725745e+00  -2.32447696e+00]
 [ -2.22110891e+00   2.69237101e-01  -1.86768508e+00  -2.21107721e+00
   -1.94860148e+00   6.06065452e-01  -4.07337248e-02   2.24682188e+00
    2.25786185e+00   2.10307097e+00   2.03770423e+00  -1.96179736e+00
   -9.43783447e-02   2.26342964e+00   2.38358045e+00  -2.15809846e+00]
 [ -1.65028703e+00   9.40259323e-02  -1.76634645e+00  -1.63203657e+00
   -1.97828364e+00   7.98777640e-01   2.13577092e-01   2.19263959e+00
    1.68826663e+00   2.16880941e+00   1.79773319e+00  -1.88747787e+00
   -3.65396619e-01   1.59535646e+00   2.15459490e+00  -1.77772033e+00]
 [ -2.38234091e+00  -1.56615958e-01  -1.84790623e+00  -1.93032885e+00
   -2.00366426e+00   6.51828468e-01  -1.82293236e-01   1.78910327e+00
    2.14112139e+00   2.08144450e+00   2.38140202e+00  -1.93593705e+00
    1.50001436e-01   2.18141508e+00   2.15153408e+00  -2.04055238e+00]
 [ -2.75862885e+00  -1.24151492e-02  -2.97220349e+00  -2.59213710e+00
   -2.94485497e+00   5.30972838e-01  -3.81977484e-02   2.80816960e+00
    2.84609818e+00   2.90770125e+00   2.82382131e+00  -2.66050506e+00
   -1.60021591e+00   2.75771475e+00   2.75668526e+00  -2.64548802e+00]
 [ -2.22200513e+00   9.92364287e-02  -2.25814104e+00  -2.13694286e+00
   -1.86775005e+00   2.21482411e-01  -2.82930993e-02   2.44086742e+00
    2.39882135e+00   2.26641273e+00   2.46116757e+00  -1.95164430e+00
   -2.13108268e-02   2.28461409e+00   2.16795683e+00  -1.89190400e+00]
 [ -2.13709784e+00  -1.23288125e-01  -2.17476869e+00  -2.08281875e+00
   -2.22111964e+00   6.38997138e-01   4.30538394e-02   2.26389050e+00
    2.01942372e+00   2.18497133e+00   2.26081562e+00  -1.77031028e+00
   -5.19206375e-02   2.23543668e+00   1.86887145e+00  -2.13612461e+00]
 [ -1.75635278e+00  -3.00424963e-01  -1.79097342e+00  -2.04881382e+00
   -1.86771643e+00   1.12967804e-01   1.18258491e-01   2.15566921e+00
    1.61466420e+00   1.76148188e+00   1.66165757e+00  -1.80710173e+00
    1.63909256e-01   2.00928020e+00   2.15790963e+00  -1.96444595e+00]
 [ -2.30441546e+00   2.21925363e-01  -1.80965006e+00  -2.35683942e+00
   -2.32445121e+00   7.32407749e-01  -2.75800914e-01   1.81162095e+00
    1.97629154e+00   1.98072231e+00   1.81260204e+00  -2.34523487e+00
   -2.94285864e-01   2.03837395e+00   2.13612413e+00  -2.15315127e+00]
 [ -2.29483175e+00   2.20816299e-01  -1.90325427e+00  -2.36402106e+00
   -1.92014837e+00   4.57675546e-01   2.84611762e-01   2.02217269e+00
    1.87094867e+00   2.18816566e+00   2.25323343e+00  -2.26189184e+00
   -5.73197484e-01   2.15396571e+00   1.78276944e+00  -2.39367056e+00]]
Eve
[[ 2.75206327 -3.57112789  3.45283175  3.72529483 -3.71143508 -3.5073328
   3.49406123 -3.65727663 -0.05142285  3.91353822 -0.31511223  3.60516763
  -3.49600554  0.69809639  3.69653726 -3.44399476]
 [ 3.21147752 -2.99582744  3.03857327  3.01316047 -3.27024412 -3.01430583
   3.39501071 -3.28591275 -1.06111598  3.13592386 -0.96309304  3.170295
  -3.37625647  2.46553826  3.24994969 -3.45181394]
 [ 2.72507763 -3.17637038  3.24376535  2.96039438 -3.12995625 -2.7760613
   3.35389614 -2.78453135 -1.36523509  2.88459826 -0.68812931  2.95093441
  -3.43947172  2.8604176   3.25260258 -3.31381845]
 [ 3.12293673 -3.54042315  3.5606277   3.53879976 -3.3131752  -3.55066133
   3.54550314 -3.26692224 -0.72566062  3.34487724 -2.27053404  3.03184009
  -2.98014188  2.87233138  3.38256741 -3.45171094]
 [ 3.20634484 -3.01046658  3.12353444  3.32380795 -2.86668086 -3.40756774
   3.26187158 -2.93002701 -1.38168347  2.97016644 -0.64156407  3.47682881
  -3.22800946  2.51590586  3.43593311 -2.98549342]
 [ 2.76170993 -3.39233565  3.30335307  2.91801763 -3.04429698 -3.16452813
   3.13742805 -2.86307025 -1.18660903  3.4744823  -1.65540516  3.50716662
  -3.04087257  2.44471836  3.13292408 -3.28164673]
 [ 2.71799231 -3.33735967  3.2639029   3.01436353 -3.21214104 -3.5030818
   3.30077386 -2.95549417 -0.98309439  3.46829605 -0.96928561  2.9019866
  -2.90683722  2.54995918  2.98200178 -3.36154366]
 [ 2.75359893 -3.16409969  3.01238847  3.14642668 -3.31527543 -3.17038202
   3.31195474 -3.24950123 -1.23389173  3.28857398 -1.9375155   3.06160951
  -3.31952667  2.78051782  3.53549337 -3.43715143]
 [ 2.7420845  -2.38324857  2.6878438   2.53481483 -2.90069818 -2.46986938
   2.53512073 -2.92763019 -0.25729138  2.95097446 -1.85930419  2.95915508
  -3.08141804  2.14677691  2.68744302 -2.36007142]
 [ 2.97706509 -3.38916969  3.32514     3.30709696 -2.93020296 -3.24115181
   3.00532699 -3.51735139 -1.12929904  3.26476073 -1.67101884  3.10095811
  -3.41565299  2.40754771  2.89905381 -3.14594913]
 [ 3.39637923 -3.35087729  3.50702882  3.56738067 -3.14924359 -3.27855468
   3.48384738 -3.46157289 -1.26104343  3.28691816 -3.20342183  3.31471181
  -3.48353243  2.17684937  3.62461257 -3.41359067]
 [ 2.97302651 -3.38979459  3.3328402   2.97594714 -3.31621933 -3.37693357
   2.99219441 -3.51324677 -1.32100511  3.22892189 -1.8257997   3.36796045
  -3.45380926  2.78725457  3.4393723  -3.39710999]
 [ 3.35809541 -3.16115689  3.53307772  3.23815989 -3.10913277 -3.46702099
   3.10697246 -3.0866251  -1.17601907  3.43300557 -1.46557796  3.17636538
  -3.56841135  2.78386283  3.24076319 -3.24406314]
 [ 2.68548369 -3.03112793  2.89766955  2.61683607 -2.82344699 -2.96960926
   2.89330435 -2.78436089 -0.69497293  2.94473791 -1.4179796   2.73912263
  -3.09901309  2.56726027  2.58112741 -2.39658022]
 [ 3.00250745 -3.27553773  3.19196248  3.14139891 -3.20089579 -3.30336261
   3.51128316 -3.59246325 -1.11100304  3.16197419 -2.25138426  3.19778156
  -3.51737142  2.40270853  3.0697248  -3.07242155]
 [ 2.73657727 -3.41426563  2.98709869  2.89093041 -3.38981843 -3.38863397
   3.39693165 -3.34128952 -0.67638791  3.14849949 -2.16913629  2.91144753
  -3.00006127  2.77732515  2.99437022 -3.20851302]
 [ 3.08060765 -3.25373626  3.09367037  3.03499794 -2.83183002 -3.30818248
   3.43342471 -3.27957249 -1.66408491  3.19813848 -2.22067142  3.18686438
  -3.05496883  2.41838765  3.46792316 -3.47405005]
 [ 2.69144845 -3.23736739  2.90550852  3.10188675 -2.63921189 -2.99030972
   2.75863171 -2.77522039 -1.17146003  3.19537663 -2.07895994  2.84231758
  -2.96370101  0.15642345  2.70951986 -2.86189342]
 [ 2.87200713 -2.90108013  3.42699456  3.17689681 -3.54492283 -3.50349569
   3.19741297 -3.62644625 -0.93050009  3.05555892 -1.99713361  3.28465891
  -3.55261278  0.86099821  3.12858391 -3.16122007]
 [ 2.91439986 -2.99793005  3.26809525  3.31482625 -2.98082018 -2.70681071
   2.75881338 -2.92375875 -1.32240021  2.78388786 -2.04488993  3.08438778
  -3.06102371 -0.03423991  2.97474718 -2.90542221]
 [ 2.75177288 -3.21796942  2.83011341  3.13344359 -2.9405272  -3.2921648
   2.96559095 -2.71123528 -1.41733027  2.87743974 -1.81742203  2.71860862
  -2.81883574 -0.4902139   3.13294578 -3.02693248]
 [ 3.10620236 -3.19784546  3.13081193  3.45076203 -3.02174449 -3.54991961
   3.44659042 -3.48143935 -1.36670959  3.31143451 -1.48219323  3.51563263
  -3.11581135  2.7907939   3.62272406 -2.92363214]
 [ 3.25897455 -3.56195068  3.28568721  3.43680382 -3.46607327 -3.07363915
   3.38530254 -3.45273805 -3.08360004  3.06274796 -2.18785405  3.33574891
  -2.92956185  2.36187792  3.38231063 -3.41163802]
 [ 2.91143513 -3.45620847  3.27470183  2.94097209 -3.01918602 -3.16747284
   3.2053504  -3.37216616  0.02132551  2.88920903 -2.11179781  3.19292831
  -3.38899517  0.84220171  3.37197733 -2.89950442]
 [ 2.91805077 -3.3964715   2.94522357  3.35613847 -2.85375834 -3.36609364
   2.92555928 -3.37004781 -0.40021178  2.96069908 -1.84984457  2.84057808
  -3.08684754  0.93470031  3.01070547 -2.88120437]
 [ 3.36206007 -2.87485218  3.35747766  3.41903973 -3.20710659 -2.89850497
   3.11710715 -3.17090559 -0.9370141   3.08757472 -2.04451871  3.45047641
  -3.13326836  1.27606356  3.24668908 -3.34828496]
 [ 3.10191107 -2.86096573  3.51312566  3.21865416 -3.2229979  -3.15706325
   3.1411128  -3.4078927  -1.52537823  3.18277669 -2.1730597   3.36009836
  -3.52645111  2.08724403  3.17328    -3.0981009 ]
 [ 2.93870831 -2.9401114   3.13137555  3.46391273 -3.31319809 -3.16085744
   2.87071157 -3.5289073  -0.32790121  3.4422307  -2.00727749  2.91618133
  -3.34067535  0.93203533  3.02109385 -3.49085593]
 [ 3.27418137 -3.16192675  2.8661592   2.81458545 -3.25517583 -3.52521038
   2.90491748 -3.11618638 -1.41628289  2.91566324 -2.97704244  2.98520398
  -3.60780478  0.95104402  2.85092473 -3.12287641]
 [ 2.88086104 -2.91028833  3.12063384  2.86463428 -3.36005592 -2.91751719
   2.94031    -3.38054729 -0.74173081  3.21696687 -2.09784198  3.23107982
  -3.0207088   0.14773017  2.84087491 -3.21072173]
 [ 3.10735869 -3.04394722  3.21960044  3.25189781 -3.19666862 -3.6156714
   3.09191275 -2.99262214 -1.91286767  3.5294385  -2.24143219  3.51063466
  -3.24744654  2.47679949  3.26128435 -3.3201375 ]
 [ 2.9273839  -3.1463275   2.96259856  3.4799583  -3.01018071 -3.14617729
   3.45152402 -3.08495545 -1.54147983  3.05968976 -1.81690907  3.09585404
  -3.3746984   1.73677075  2.95488143 -2.907794  ]]