Alice
[[ -5.87814546e-04  -1.41792074e-02   1.15081146e-02  -7.66434660e-03
    3.68691795e-02  -6.36409502e-03  -4.84275073e-02   1.67717542e-02]
 [ -8.94190161e-04  -1.47855794e-02   1.21202795e-02  -8.33938830e-03
    3.69355492e-02  -6.80588232e-03  -4.85184938e-02   1.69251058e-02]
 [ -6.33943651e-04  -1.43708242e-02   1.16294622e-02  -7.81243620e-03
    3.65956612e-02  -6.34959433e-03  -4.80491631e-02   1.67559553e-02]
 [ -3.36484401e-04  -1.42179849e-02   1.14964256e-02  -7.80095579e-03
    3.66807170e-02  -6.44361880e-03  -4.80668433e-02   1.66596435e-02]
 [ -6.88535511e-04  -1.40057979e-02   1.14253229e-02  -7.84413889e-03
    3.65462117e-02  -6.65261690e-03  -4.77174670e-02   1.66696832e-02]
 [  3.10908165e-03  -4.85537127e-02   2.39430647e-02  -7.33131766e-02
   -1.13357343e-02  -5.47287948e-02   2.03770489e-01   4.68279794e-03]
 [ -2.23133899e-03  -2.68512107e-02   4.31865156e-02  -4.37411899e-03
   -1.84080184e-01  -1.10881664e-02  -3.78075130e-02   2.69093532e-02]
 [ -5.89779345e-04  -1.41751599e-02   1.13312844e-02  -8.03832151e-03
    3.65337916e-02  -6.43237168e-03  -4.82209884e-02   1.65796001e-02]
 [  2.87985176e-01  -6.62131250e-01   8.97568643e-01  -7.23095119e-01
   -1.54684126e-01  -8.81442130e-01  -1.24136412e+00   1.41741681e+00]
 [  7.45179594e-01  -1.18297577e+00   1.32397091e+00  -1.26336420e+00
   -3.43499273e-01  -1.60418785e+00  -1.76501369e+00   8.90696108e-01]
 [ -9.80629742e-01  -2.01205230e+00   2.06825590e+00  -2.12343001e+00
   -7.42540583e-02  -2.08072233e+00  -2.20430923e+00   1.99669874e+00]
 [  9.51354802e-02  -4.68254924e-01   9.53302801e-01  -6.71867013e-01
    2.03514069e-01  -8.35619867e-01  -7.76434720e-01   1.33404422e+00]
 [ -4.97940835e-03  -1.97085428e+00   1.79034543e+00  -2.00756741e+00
   -1.38506860e-01  -2.05300355e+00  -1.45038903e+00   2.16680431e+00]
 [ -5.35561025e-01  -1.27056539e+00   8.05755317e-01  -9.73048449e-01
   -3.80266011e-02  -9.22903359e-01  -9.95028257e-01   4.48248506e-01]
 [ -1.23497315e-01  -1.45877624e+00   1.24525845e+00  -1.36572504e+00
    2.02346165e-02  -1.08628583e+00  -1.49351251e+00   7.96308100e-01]
 [  5.17753465e-03  -2.13943172e+00   2.23677778e+00  -2.26834679e+00
    1.47645697e-01  -2.17424226e+00  -2.26184225e+00   1.92833102e+00]]
Bob
[[ -3.99796851e-02   2.12058164e-02   1.92029595e-01  -5.08214608e-02
    5.84656373e-02  -4.33507673e-02   3.62865478e-02   4.91103046e-02]
 [ -1.18585071e-02   4.16443311e-03  -3.79637480e-02  -2.25309283e-02
    2.89714560e-02  -1.55945439e-02   8.58649891e-03  -2.79120449e-02]
 [ -1.19510703e-02   4.45795804e-03  -3.81125659e-02  -2.24632323e-02
    2.89761443e-02  -1.58034060e-02   9.00753494e-03  -2.73855031e-02]
 [ -1.20841367e-02   4.30464745e-03  -3.78806405e-02  -2.23578289e-02
    2.91109048e-02  -1.56047493e-02   8.76269303e-03  -2.77933404e-02]
 [ -1.70156825e-02   2.20625829e-02  -4.82291803e-02  -2.32697316e-02
   -1.16291948e-01  -3.84150296e-02   3.09238769e-02   1.27615660e-01]
 [ -1.19784139e-02   4.11836710e-03  -3.81396338e-02  -2.26573683e-02
    2.91821621e-02  -1.55313630e-02   8.48811306e-03  -2.78709605e-02]
 [ -1.15821073e-02   3.95919383e-03  -3.76197398e-02  -2.22488791e-02
    2.90678106e-02  -1.53363822e-02   8.37170985e-03  -2.79416814e-02]
 [ -1.16420863e-02   4.56213206e-03  -3.81646156e-02  -2.22963430e-02
    2.93482989e-02  -1.56120211e-02   8.95122066e-03  -2.75442433e-02]
 [ -1.62600577e+00   1.45506740e+00   2.25216731e-01  -1.92212296e+00
    2.05126929e+00  -1.06134462e+00   1.39840412e+00  -2.26608545e-01]
 [ -1.32735038e+00   1.14244282e+00  -5.16368985e-01  -9.06080067e-01
    1.16234565e+00  -9.95310843e-01   9.00063157e-01  -4.74787205e-02]
 [ -6.15154803e-01   8.00509810e-01   3.98656633e-03  -1.68882918e+00
    1.14483392e+00  -1.10353589e+00   1.12869120e+00  -1.45118520e-01]
 [ -1.65287757e+00   1.90868127e+00  -3.60720605e-02  -3.35850209e-01
    1.69436979e+00  -1.16228795e+00   1.52165067e+00  -8.63730311e-02]
 [ -1.87756753e+00   1.84879184e+00  -8.43160160e-05  -2.19775462e+00
    2.02723384e+00  -2.12021947e+00   1.96215963e+00   2.84222960e-01]
 [ -1.59224808e+00   1.80232072e+00   5.40484309e-01  -7.62631536e-01
    1.73447824e+00  -1.72649181e+00   1.73075449e+00  -4.19511236e-02]
 [ -2.41689491e+00   2.57432580e+00  -3.15781101e-03  -2.07957578e+00
    2.17815709e+00  -2.15072227e+00   2.33093333e+00  -3.59648205e-02]
 [ -1.15555692e+00   1.04755461e+00   2.10888907e-01  -1.77982414e+00
    1.13408649e+00  -1.10557759e+00   1.22800994e+00   1.20061718e-01]]
Eve
[[ 0.77509165 -3.06133175  2.71627069  2.14705563 -0.47212186 -3.03943849
  -2.53076291 -2.79635286]
 [ 1.84342659 -3.98365164  3.17619777  3.83143377 -0.37318745 -3.22851324
  -3.6243155  -4.11865044]
 [ 1.77003348 -3.66463804  3.54778671  3.34973121 -0.08470246 -3.0911665
  -3.42546391 -3.26294327]
 [ 1.22507727 -4.01283073  3.38917518  3.85534334 -1.35457957 -3.80847502
  -3.15541744 -3.44599628]
 [ 1.58162463 -2.91956663  2.93649936  2.92064238 -2.23318481 -2.82854366
  -3.07053781 -3.01082563]
 [ 1.75693619 -3.42698503  3.2551074   3.3016367  -1.68527162 -2.98138952
  -3.91943765 -3.2008307 ]
 [ 1.11201084 -3.97380686  3.67412782  3.89077234 -0.55934197 -3.61921787
  -4.06563234 -3.83678508]
 [ 0.7242468  -2.98675394  3.71067882  3.55631638 -0.05568559 -3.68271494
  -3.54303479 -3.50494266]
 [-0.26694071 -3.93078756  3.75709128  2.93434072 -0.55885643 -3.24774122
  -3.78326702 -3.84315538]
 [-0.4555676  -3.12850642  3.82648516  3.62643957 -0.38179609 -3.55190969
  -3.48993468 -3.66755295]
 [ 3.10350919 -3.52969623  3.03813314  3.23556018 -0.51623398 -3.47087073
  -3.11290622 -3.44356918]
 [-0.12041941 -3.20684838  3.20383668  3.41689682 -1.12615037 -3.2089963
  -3.109272   -3.95174956]
 [ 0.199466   -3.61783028  3.97423005  3.59686303 -0.71324891 -3.9066093
  -3.98518682 -3.55596948]
 [ 0.4682982  -3.17057633  3.94982839  3.37009358  0.21507592 -3.23794937
  -4.00993347 -3.13010979]
 [-0.71427608 -3.1420393   2.99057221  3.59323692 -0.5491305  -3.85376167
  -3.07166433 -3.50757051]
 [ 1.59281588 -3.7802012   3.01483917  3.85024381 -3.07450867 -3.82906532
  -3.76674819 -3.15595102]]