Alice
[[ -1.47100151e-01   1.71118721e-01   2.66980357e-03  -1.76034272e-01
    1.81220427e-01   5.82537314e-06  -4.74374950e-01   1.59268305e-01]
 [ -1.87939540e-01   1.49444520e-01   1.59415032e-03  -1.53102368e-01
    1.23556979e-01   1.71024411e-03  -4.59500760e-01   1.52162313e-01]
 [ -1.55823037e-01   1.67731285e-01   2.49203970e-03  -1.70635164e-01
    1.68099388e-01   3.50569724e-04  -4.62033838e-01   1.57418579e-01]
 [ -1.61883235e-01   1.64929882e-01   2.26951065e-03  -1.68260202e-01
    1.59518942e-01   1.23190973e-03  -4.60016251e-01   1.56920552e-01]
 [ -4.32405286e-02  -1.14982659e-02   3.60827148e-01  -1.17472783e-01
   -4.69180457e-02  -3.03661108e-01  -2.28858694e-01   1.95533365e-01]
 [ -1.51502341e-01   1.69625297e-01   2.70709768e-03  -1.75823480e-01
    1.74513295e-01   3.84231942e-04  -4.67193753e-01   1.57729000e-01]
 [ -1.51479945e-01   1.69367999e-01   2.43574474e-03  -1.73461452e-01
    1.75279438e-01   8.09446574e-05  -4.72574562e-01   1.58222124e-01]
 [ -1.56561881e-01   1.67838886e-01   2.34545371e-03  -1.70747235e-01
    1.67784691e-01   3.01873311e-04  -4.69162643e-01   1.57719225e-01]
 [  4.35904413e-03   1.38420388e-02  -1.06097595e-03  -5.27867768e-03
    2.04432406e-03  -2.72245798e-03  -2.20801041e-01   1.06150042e-02]
 [  5.97272255e-03   1.39283314e-02  -8.69312382e-04  -5.63351018e-03
    3.40932631e-03  -2.54038232e-03  -2.20893055e-01   1.03847431e-02]
 [  5.43333450e-03   1.38669666e-02  -1.08647847e-03  -5.42547507e-03
    2.97046546e-03  -2.57692602e-03  -2.22397462e-01   1.04019810e-02]
 [  3.60381487e-03   1.38600254e-02  -1.21531461e-03  -4.94809449e-03
    1.41733349e-03  -2.48536537e-03  -2.14984104e-01   1.05710942e-02]
 [  3.62767070e-03   1.40396468e-02  -1.02311617e-03  -5.05825318e-03
    1.22669013e-03  -2.64993613e-03  -2.16012090e-01   1.07635846e-02]
 [  5.11381403e-03   1.40480055e-02  -9.16109013e-04  -5.50004933e-03
    2.56265281e-03  -2.68636644e-03  -2.26799652e-01   1.05947666e-02]
 [  3.36588942e-03   1.42219914e-02  -1.12065009e-03  -5.00989379e-03
    1.12623617e-03  -2.68070633e-03  -2.14301527e-01   1.09158317e-02]
 [  5.26606897e-03   1.37583418e-02  -1.04147056e-03  -5.41689899e-03
    2.88834749e-03  -2.61567114e-03  -2.24355429e-01   1.04439622e-02]
 [ -1.37584484e+00   7.90413976e-01   2.36219242e-02  -3.46270263e-01
    2.39562839e-01  -6.28430068e-01   6.64370209e-02   1.80048257e-01]
 [ -1.24607921e+00   2.57723123e-01   1.40920132e-01  -5.08831620e-01
    6.64054928e-03  -2.32109681e-01  -5.91124296e-02   3.59293878e-01]
 [ -4.54833955e-01   2.56931692e-01  -7.44585216e-01   8.66823196e-02
   -3.14872786e-02  -6.57244772e-02   1.14865061e-02  -3.12996060e-02]
 [ -9.05629039e-01   7.97621489e-01   3.31267446e-01  -2.98460215e-01
   -3.61776561e-01  -6.63728356e-01   2.69436128e-02   2.35232770e-01]
 [ -7.71476209e-01   3.39415491e-01  -3.68398219e-01  -6.61785901e-03
    5.71246035e-02   2.72724658e-01   6.21302286e-03   2.22053081e-02]
 [ -8.60910773e-01   5.39408803e-01   7.76210353e-02   6.44488782e-02
   -3.48876238e-01  -5.18008173e-01   6.10903800e-02   4.89093989e-01]
 [ -9.73056197e-01   7.09842563e-01   4.37774122e-01  -1.42867535e-01
   -4.57933307e-01  -5.55481136e-01  -5.25986739e-02   9.81940031e-02]
 [ -5.59365571e-01   1.10377896e+00   1.45495728e-01  -1.60532609e-01
   -6.04341984e-01  -2.99690425e-01   1.53580168e-02   3.30487013e-01]]
Bob
[[  1.64666116e-01   1.54721484e-01  -1.73175484e-01  -2.96766628e-02
    3.25287618e-02   2.37764381e-02  -1.67421624e-01  -1.82515100e-01]
 [  1.75495699e-01   1.82263181e-01  -1.46249443e-01  -3.52844298e-02
    3.03918123e-02   1.90388728e-02  -1.19958952e-01  -1.40004262e-01]
 [  1.67016894e-01   1.60878569e-01  -1.67034030e-01  -3.03978920e-02
    3.20860222e-02   2.32466832e-02  -1.58159688e-01  -1.72295451e-01]
 [  1.69288814e-01   1.64552778e-01  -1.63865089e-01  -3.15607302e-02
    3.17763053e-02   2.24689674e-02  -1.52787328e-01  -1.66366294e-01]
 [  6.14715591e-02   1.43420577e-01   4.10529859e-02   3.79676484e-02
    9.17371213e-01  -3.13673876e-02   6.79261796e-03  -6.94579110e-02]
 [  1.67739570e-01   1.57725170e-01  -1.70615777e-01  -2.88238730e-02
    3.22383083e-02   2.33446509e-02  -1.62345633e-01  -1.78415567e-01]
 [  1.65811077e-01   1.57530531e-01  -1.70115918e-01  -2.98482459e-02
    3.24308053e-02   2.33710390e-02  -1.62994489e-01  -1.78357959e-01]
 [  1.67257160e-01   1.61076292e-01  -1.67125404e-01  -3.03470194e-02
    3.23635191e-02   2.29314603e-02  -1.58276752e-01  -1.72515094e-01]
 [ -3.78980883e-04  -2.42450181e-03  -2.91914064e-02  -1.75566610e-03
   -1.68200694e-02   1.62444694e-03  -2.05927957e-02  -1.76344067e-03]
 [ -1.93582528e-04  -2.14966969e-03  -2.85461415e-02  -1.72091729e-03
   -1.64801758e-02   1.58668554e-03  -1.98406857e-02  -1.64613232e-03]
 [ -1.57392162e-04  -2.07949430e-03  -2.88938899e-02  -1.79528166e-03
   -1.69644095e-02   1.70127326e-03  -2.02735532e-02  -1.44665490e-03]
 [ -2.38760214e-04  -2.10590591e-03  -2.85512451e-02  -1.71019998e-03
   -1.65299382e-02   1.52541313e-03  -2.00051442e-02  -1.49734155e-03]
 [  2.37222383e-04  -1.58977986e-03  -2.83389054e-02  -1.89731910e-03
   -1.67003088e-02   1.46909209e-03  -2.00266410e-02  -1.24948937e-03]
 [  9.58339515e-05  -1.73744583e-03  -2.87857931e-02  -1.91495440e-03
   -1.74073316e-02   1.58575724e-03  -2.01555584e-02  -1.31483038e-03]
 [ -4.35091555e-04  -2.49006762e-03  -2.89242212e-02  -1.71775138e-03
   -1.65124927e-02   1.65196229e-03  -2.02754568e-02  -1.84085069e-03]
 [ -1.59905379e-04  -2.15003127e-03  -2.92565320e-02  -1.79320318e-03
   -1.72202643e-02   1.52421114e-03  -2.05720924e-02  -1.62429386e-03]
 [  8.89592022e-02   1.55494714e+00   5.41117042e-04  -4.46839720e-01
   -7.89371729e-01  -2.52691377e-02  -8.97782207e-01  -9.28184986e-02]
 [  1.08314967e-02   9.88679886e-01   5.06009758e-01  -5.02674401e-01
   -7.17182100e-01  -2.05284253e-01  -5.64638257e-01   1.20419525e-01]
 [  2.82488585e-01   7.01329350e-01  -2.58395504e-02  -3.19776922e-01
    1.21984649e+00  -3.88913937e-02  -5.13770282e-01   1.38191298e-01]
 [  4.21504319e-01   7.12873220e-01  -3.54943909e-02  -3.88601780e-01
    1.92824140e-01   4.97757196e-02  -8.06544602e-01   1.05080321e-01]
 [  2.90559500e-01   6.44164264e-01   2.90786892e-01  -2.71615833e-01
   -9.59606647e-01  -5.17049842e-02  -8.17527056e-01   6.98147476e-01]
 [ -1.40344679e-01   7.72664785e-01  -1.78800598e-01  -3.64691198e-01
    1.56616354e+00   5.99983111e-02  -1.70106068e-01   2.65647508e-02]
 [ -4.86245772e-05  -3.32947617e-04  -1.67615786e-02  -4.93265361e-05
    6.96805306e-04   1.00180662e+00  -1.43885351e-04  -2.34940313e-02]
 [  3.15452218e-01   1.13222802e+00   3.78294885e-01  -2.20375970e-01
    1.22204371e-01   9.62833315e-02  -4.07917202e-01   1.97473079e-01]]
Eve
[[-2.03828716 -1.66653013  0.00329765  1.49014807 -0.62215185  1.12365699
  -0.36804625 -1.34269857]
 [-2.10469294 -1.48385048  0.03996694  1.40350878 -0.54211104  1.11316431
  -0.34857184 -1.26364493]
 [-2.05197358 -1.63049746  0.01234299  1.4719336  -0.62167561  1.12452877
  -0.36688319 -1.33218038]
 [-2.06043458 -1.60731101  0.01796345  1.45804524 -0.62035245  1.12962186
  -0.3660045  -1.32736826]
 [-0.92063546 -0.44696584  0.30680382 -0.60276556 -0.19893448 -2.28965712
  -0.06804996 -0.06903999]
 [-2.04628038 -1.65555704  0.00668148  1.47436702 -0.62518811  1.12536812
  -0.36587825 -1.32540774]
 [-2.04593587 -1.65229642  0.00692238  1.48304093 -0.60843056  1.12597692
  -0.36594817 -1.33609152]
 [-2.05302262 -1.63235986  0.01259984  1.47179389 -0.60179222  1.12529707
  -0.36512771 -1.33150411]
 [-0.89481175 -0.1443294  -0.33246332 -0.50126851 -0.81202149 -0.19125251
   0.74979728  0.15630619]
 [-0.19503973 -0.33769205  0.0343334  -0.30144289 -0.3144756   1.19000363
   0.2649717   0.96382701]
 [-0.8668831  -0.33476904  0.17780277 -0.46371225 -0.23605566 -2.49238944
   0.22188948 -0.07660928]
 [-1.20061684 -0.56133872  0.13559374 -0.38347569 -0.68280524 -1.64228284
  -0.04035391  0.42086661]
 [-0.49365306 -0.4067468   0.17579716 -0.67645717 -0.18407752  0.99996907
   0.09562848  1.34678781]
 [-1.09722543 -0.18513556  0.24008878 -0.27900168 -0.05785251 -2.81841516
  -0.17185222  0.10755891]
 [-0.15181687 -0.01038065 -0.04008745  0.08769653  0.69428605  0.08853047
  -2.52465343 -0.57528389]
 [-0.53278244 -0.09010308  0.30951661 -0.93189484 -1.34245825 -1.39520848
   0.17033052  0.96141249]
 [-0.56239498 -0.2049036  -0.19399342 -0.36054659 -0.80843663  0.34961191
  -0.09457158  0.67144352]
 [-1.05834985 -0.47754061  0.2673513  -0.23605198 -0.50494337 -0.49480137
  -0.25652364 -0.19580333]
 [-0.04981946 -0.00834307 -1.08257043 -0.39976704  0.21751757  0.21934514
   0.0491509   0.47147596]
 [-0.04299505  0.42683095 -0.0272514  -2.29898906  1.43968117  0.43456972
   1.10952556  2.29794192]
 [-1.15437651 -0.49143669 -0.40894243  0.34808517 -0.4305771  -1.73689079
   0.02800572 -0.83050698]
 [ 0.21517049  0.61876887 -0.20569952 -2.53584623  2.02694178  0.08443427
   1.59479487  2.12344933]
 [-0.14951955 -0.68914354  0.34541541 -0.93340564 -0.40351304 -0.6504336
   0.55916703  0.83841121]
 [-0.69588804 -1.15685177  0.33500183 -0.45431307  0.10909439  1.06419647
   0.03426087  0.56954163]]