Alice
[[  1.17072389e-01  -1.19832123e-03  -1.08844158e-03 ...,  -1.07724057e-03
    1.16374113e-01  -1.07489969e-03]
 [  1.18588254e-01  -1.29104510e-03  -1.21805840e-03 ...,  -1.21304044e-03
    1.18395813e-01  -1.19942147e-03]
 [  1.18423410e-01  -1.14615390e-03  -1.08963822e-03 ...,  -1.08010415e-03
    1.18042350e-01  -1.08771771e-03]
 ..., 
 [ -1.65833402e+00  -1.31451881e+00  -1.33457923e+00 ...,  -1.28830147e+00
   -1.38724029e+00  -1.41263616e+00]
 [ -1.40940583e+00  -1.51435781e+00  -1.60503817e+00 ...,  -1.43910635e+00
   -1.59132123e+00  -1.50747466e+00]
 [ -1.71325886e+00  -1.44665194e+00  -1.51849878e+00 ...,  -1.17696297e+00
   -1.52641118e+00  -1.55717969e+00]]
Bob
[[  1.18772755e-03   1.16546825e-03   1.20454340e-03 ...,  -1.24507875e-03
   -1.16178649e-03  -1.11339102e-03]
 [  1.17254793e-03   1.14361593e-03   1.16646232e-03 ...,  -1.20869384e-03
   -1.18241739e-03  -1.12409843e-03]
 [  1.10393297e-03   1.10490061e-03   1.12373859e-03 ...,  -1.16548431e-03
   -1.08148856e-03  -1.04051386e-03]
 ..., 
 [  1.30439770e+00   1.64511728e+00   1.60469735e+00 ...,  -1.28617620e+00
   -1.43346941e+00  -1.55629933e+00]
 [ -1.85066074e-01  -1.91251263e-01  -8.04732516e-02 ...,   1.68601632e-01
    9.28821713e-02   2.01385558e-01]
 [  1.36997223e+00   1.45239091e+00   1.56485784e+00 ...,  -1.51330221e+00
   -1.34360266e+00  -1.41359162e+00]]
Eve
[[ 2.2874577   1.54066813 -1.57710862 ...,  1.53546786 -2.07734394
  -1.49989462]
 [ 3.00862694  3.05345917 -3.18276024 ...,  2.92611361 -3.05782104
  -2.80873322]
 [ 3.25382543  2.85231805 -3.26739693 ...,  3.07294726 -2.99263716
  -3.17718387]
 ..., 
 [ 2.79405069  2.76627922 -2.6275816  ...,  2.76120234 -2.89622045
  -3.08399844]
 [ 3.07420278  3.05258441 -3.11219954 ...,  3.2399981  -3.23790455
  -3.21553802]
 [ 3.24001384  3.29783106 -2.95996356 ...,  2.93893743 -2.92919779
  -3.02040982]]