Alice
[[  2.52654520e-03   2.24246513e-04  -5.16217318e-04 ...,   1.23298040e-03
    3.37530673e-03   1.74923905e-03]
 [  2.42638728e-03   5.75986982e-04  -5.68926043e-04 ...,   1.60705252e-03
    3.25741712e-03   1.24231970e-03]
 [ -5.67225553e-02   6.17291545e-03  -4.73035220e-03 ...,  -8.04936606e-03
    1.78043637e-03   3.07579990e-03]
 ..., 
 [  1.03497851e+00   1.17511737e+00  -9.20108974e-01 ...,  -8.94102931e-01
    1.09597981e+00   1.01379609e+00]
 [  9.84294415e-01   1.05267799e+00  -1.11188829e+00 ...,  -9.90599334e-01
    1.21138561e+00   1.22336030e+00]
 [  1.20163023e+00   1.16510427e+00  -1.01210368e+00 ...,  -1.12733138e+00
    1.04243422e+00   1.13745081e+00]]
Bob
[[ -1.33090338e-03  -1.42267556e-03   1.42910879e-03 ...,   1.45772251e-03
   -1.48822321e-03   1.48294482e-03]
 [ -1.36813347e-03  -1.43546390e-03   1.44323008e-03 ...,   1.48567779e-03
   -1.55865564e-03   1.49728742e-03]
 [ -1.48156739e-03  -1.50976935e-03   1.52050075e-03 ...,   1.58102368e-03
   -1.64633722e-03   1.57901063e-03]
 ..., 
 [ -3.37285027e-02  -1.03178716e+00   9.68135893e-01 ...,  -6.25992045e-02
   -9.77276802e-01   1.08969104e+00]
 [  3.73208933e-02  -1.24005151e+00   9.19429839e-01 ...,  -3.62326540e-02
   -1.29292548e+00   1.28014517e+00]
 [ -1.47824304e-03  -1.33584917e+00   1.29828012e+00 ...,  -5.29206097e-02
   -1.32968616e+00   1.33115351e+00]]
Eve
[[ 3.36169553  3.0924418  -3.05718446 ..., -3.55141568  3.18403149
   3.08137178]
 [ 3.40537119  3.14955425 -3.09641933 ..., -3.11729407  3.18058252
   3.21338582]
 [ 3.27450681  3.20609999 -2.89291358 ..., -2.96966887  2.99860001
   2.94292116]
 ..., 
 [ 2.78688741  3.21916986 -2.95964909 ..., -2.97579598  2.9600575
   2.97237349]
 [ 3.07430387  3.18675232 -2.97300911 ..., -3.24319696  3.16155338
   3.06022382]
 [ 3.28533816  3.41209674 -3.35704851 ..., -3.08012342  3.28237891
   3.0794394 ]]