Alice
[[ 0.03520115 -0.03296836  0.02634726 -0.00999837  0.01653973  0.03112945
  -0.06016296  0.03648155]
 [ 0.01290944 -0.01674452  0.03384115  0.03253711  0.0294237   0.01931268
   0.01532751  0.03051726]
 [ 0.01266983 -0.01648015  0.03360888  0.03254921  0.02951952  0.01916196
   0.0153682   0.03044483]
 [ 0.03884131  0.11722429 -0.01664931 -0.09809955  0.05938508  0.03444257
   0.02033312  0.00474629]
 [ 0.0354917  -0.03435445  0.02700322 -0.00949915  0.01701899  0.03145866
  -0.05994174  0.03713391]
 [ 0.024347   -0.08195776 -0.01313899 -0.08598705 -0.13747281  0.03793676
   0.05111019 -0.01339295]
 [ 0.01251505 -0.01660706  0.03347106  0.03297489  0.02971084  0.0189126
   0.01524773  0.03035332]
 [ 0.01229957 -0.01648807  0.03324889  0.03249409  0.02941502  0.01888354
   0.01577977  0.02989334]
 [ 2.14835238 -1.96443236  2.20321822  0.03323761  2.23368454  1.93112767
   0.08686714  2.32624102]
 [ 1.77339482 -2.41568637  1.63975811  0.37145916  1.83037019  1.72469342
   0.06226708  0.77188224]
 [ 1.12129033 -1.498739    1.09391809 -1.14559424  1.84348857  0.93125772
   0.03553239  1.07333112]
 [ 2.48679256 -2.59119201  2.38741636  0.06517604  2.66841054  2.45663095
   0.01634175  2.29972911]
 [ 0.59528047 -0.82043225  1.18629324  1.01281512  0.48869485  1.06120288
   0.13939135  1.91549623]
 [ 2.32299352 -2.47471404  2.40873861 -0.04606483  2.41029072  2.5875299
  -0.13917962  2.2637682 ]
 [ 1.6782974  -1.23906636  1.10175228  1.18297052  1.12737429  1.31647563
  -0.45500514  1.06846237]
 [ 1.24588752 -1.61784136  1.61862576 -0.27518028  1.8065964   1.25041413
  -0.06633841  1.03705609]]
Bob
[[  2.41119489e-02   1.17560197e-02  -1.46873165e-02  -2.61709709e-02
   -2.33760886e-02   1.52106844e-02  -1.74325779e-02  -1.39524285e-02]
 [ -1.15036748e-01   4.75247167e-02  -6.58467561e-02   1.04476891e-01
    2.73803696e-02   2.96182558e-02   2.35506962e-03  -6.54581888e-03]
 [  2.43752357e-02   1.18154865e-02  -1.50478724e-02  -2.59920228e-02
   -2.38640513e-02   1.51914237e-02  -1.78272873e-02  -1.41235292e-02]
 [  2.42865793e-02   1.20798862e-02  -1.48526030e-02  -2.63355672e-02
   -2.34235041e-02   1.53086623e-02  -1.75740942e-02  -1.40922284e-02]
 [  2.43537966e-02   1.15603702e-02  -1.46290958e-02  -2.60937791e-02
   -2.33587753e-02   1.52734295e-02  -1.73588470e-02  -1.39782233e-02]
 [  2.41789054e-02   1.15482341e-02  -1.49182891e-02  -2.60351077e-02
   -2.35736035e-02   1.53464610e-02  -1.73614416e-02  -1.38901332e-02]
 [  2.40249131e-02   1.14633972e-02  -1.45071149e-02  -2.60845907e-02
   -2.32448541e-02   1.52239297e-02  -1.71371214e-02  -1.36338063e-02]
 [  5.66027015e-02  -5.90735935e-02  -6.29278123e-02   1.00921646e-01
   -3.65987630e-03  -9.15786922e-02   1.49833299e-02  -9.07163077e-04]
 [  1.12805450e+00   5.73699296e-01  -5.47981799e-01   1.06808472e+00
   -5.98255098e-01   2.31453031e-01  -1.16664898e+00  -1.15831685e+00]
 [  1.63629901e+00   2.07873321e+00  -9.90553200e-01  -5.54216132e-02
   -1.76592660e+00  -6.03166036e-03  -1.75729799e+00  -1.70982015e+00]
 [  1.21330655e+00   8.16348255e-01  -1.23890054e+00  -1.45973325e+00
   -8.87757659e-01   3.58175747e-02  -8.62638474e-01  -8.48888874e-01]
 [  2.15128112e+00   2.39919281e+00  -2.13928318e+00  -1.42814023e-02
   -2.10136533e+00  -2.09652949e-02  -2.43199992e+00  -2.50368738e+00]
 [  1.94216251e+00   1.60650289e+00  -1.81394923e+00  -5.55464551e-02
   -1.85284030e+00  -7.62478821e-03  -1.77408218e+00  -1.85406411e+00]
 [  8.77978742e-01   1.24532223e+00  -6.38548732e-01   7.81235754e-01
   -9.69728708e-01  -2.65554309e-01  -6.04942679e-01  -5.73024750e-01]
 [  2.11818385e+00   2.55346370e+00  -2.10794091e+00  -4.37175333e-02
   -2.24348521e+00  -3.36295813e-01  -2.35130095e+00  -2.21837902e+00]
 [  6.19968832e-01   9.59561765e-01  -1.21839690e+00  -3.93340081e-01
   -1.14225805e+00   2.54132617e-02  -1.03972435e+00  -1.01684487e+00]]
Eve
[[ 3.93433642 -3.83220005  3.15819621  2.07708311 -3.97896647 -3.83776331
  -0.09669953 -3.97021484]
 [ 3.22511387 -3.3638196   3.66678977 -0.10744206 -3.54636502 -3.12788725
   0.40917414 -3.75790071]
 [ 4.10796976 -4.01666594  3.23014116 -1.90824139 -3.40732193 -3.60792756
   0.25857008 -3.90930152]
 [ 3.01594234 -3.01892042  3.39407754  3.45014048 -3.70342445 -3.67233396
   0.60175073 -3.2936821 ]
 [ 3.90107775 -3.64535832  3.21687531 -0.07446235 -3.34973216 -3.47222424
   0.65409297 -3.77622819]
 [ 3.40154266 -3.57470059  4.0682106   1.81114507 -3.64933372 -3.54145384
   0.38617539 -3.71538067]
 [ 3.91750193 -3.79040384  3.61822295  1.30775869 -3.37713051 -3.72003484
   2.66145539 -3.07780409]
 [ 3.20268321 -3.24497604  3.42917371 -0.25306553 -3.33271027 -3.4915545
  -0.1413493  -3.91857052]
 [ 3.81680417 -4.02041435  3.65188766 -0.1960355  -3.60480309 -3.67754793
   1.37053347 -3.18108416]
 [ 3.75387907 -3.00804234  3.26975274 -0.63710797 -3.76620913 -3.84435987
   1.68300009 -3.51460028]
 [ 3.09849381 -3.97603822  3.33766675  2.8935256  -3.37133026 -3.90109444
   0.36886278 -3.62662959]
 [ 3.7301681  -3.19431186  3.75595331  3.21144748 -3.64460087 -3.86289883
   0.93164539 -3.91585279]
 [ 3.13773537 -3.96263933  3.22933316 -1.39655817 -3.85804439 -3.63895512
  -0.55070561 -3.28544831]
 [ 3.45851755 -3.10032701  3.4425354   0.67628562 -3.54465365 -3.25054884
   2.27076507 -3.19338751]
 [ 3.91966009 -3.65280008  3.91803145 -1.18640435 -3.62328196 -3.37966537
  -0.14710362 -3.65273881]
 [ 3.67469978 -3.67260599  3.76837611  0.6726225  -3.61509514 -3.74130893
   0.13126002 -3.85980558]]