Alice
[[  3.22831802e-05  -1.01213622e+00   5.36163926e-01  -8.01405013e-02]
 [  1.18868657e-05   3.73393893e-01   5.36510170e-01  -7.79768899e-02]
 [ -7.56005920e-06   3.35854560e-01  -8.91714357e-03  -3.36131901e-02]
 [  1.00003445e+00  -1.18045928e-02  -3.17771956e-02   1.10632586e+00]
 [ -9.99978006e-01   1.00273991e+00  -7.03106271e-05  -1.55377584e-02]
 [  1.00002444e+00   6.76269591e-01  -3.75150121e-05  -1.52903041e-02]
 [ -9.99987245e-01  -6.68365300e-01  -5.64636866e-05  -1.76974703e-02]
 [ -9.99976158e-01  -6.70234919e-01  -9.82517213e-06  -1.67744830e-02]
 [ -1.79428680e-04   5.22241462e-05   9.75976765e-01   1.02163747e-01]
 [  8.51321101e-01  -2.57700324e-01   1.20084453e-03  -5.95034897e-01]
 [ -1.59991454e-04  -2.38662851e-05   1.03144948e-05  -2.31647992e+00]
 [  1.00017583e+00  -3.17785089e-05   1.70420935e-05   1.40262187e+00]]
Bob
[[ -5.36465406e-01  -9.58089659e-05   1.34221956e-01  -2.04345584e-01]
 [ -5.36161661e-01  -1.06794061e-04   1.33321077e-01  -2.02668622e-01]
 [  8.98752641e-03  -1.68661245e-05   6.00440651e-02  -1.11203745e-01]
 [  3.17592546e-02   5.51939593e-06  -8.27062845e-01  -1.27609682e+00]
 [  3.90451351e-05   6.51726259e-06  -8.83509398e-01   8.74169946e-01]
 [  7.35573194e-05  -1.83556494e-05   5.62233329e-02  -1.14766486e-01]
 [  2.94694710e-05   4.21495770e-06   5.61120883e-02  -1.14617467e-01]
 [  5.42437920e-05  -5.62983405e-06   5.65548018e-02  -1.14749767e-01]
 [  1.77619695e-05  -1.32720907e-05  -1.12497015e-02   9.99976933e-01]
 [  4.14261267e-05  -1.00001037e+00  -2.91166194e-02  -1.70089261e-05]
 [ -9.76015985e-01   2.53155828e-04  -1.68270335e-01  -2.38061766e-05]
 [ -3.27181988e-06  -1.77755646e-05  -1.43406153e+00  -1.43437592e-06]]
Eve
[[ 0.01049273  0.080042    0.69870299  0.45567873]
 [ 0.01855296  0.05175259  0.60904837  0.45657346]
 [ 0.0676131  -0.06715869 -0.88885486  0.23476513]
 [ 0.25920925  0.24188259 -0.43867141 -1.84258997]
 [-2.97057247 -0.07193916 -0.81354254  0.16224188]
 [ 0.12004072 -2.47739625 -0.85128826  0.32232881]
 [-0.27415594 -0.16268829  0.64864218 -0.23469259]
 [-0.22224852 -0.28091258 -1.15822983 -1.31086588]
 [ 0.40849149 -0.10128489  0.48090026  0.05961872]
 [ 0.11909949 -0.13047509  0.27772206  0.81193459]
 [ 0.16995952 -0.16120745 -1.88531351  2.5537498 ]
 [ 2.4175508  -0.11079065 -1.18388021 -0.59386551]]