Alice
[[ -9.60823894e-03  -7.65288761e-03   5.89920022e-03  -7.47997826e-03
    1.12088971e-01   2.50185118e-03   2.16644686e-02   4.14259778e-03
    6.62581101e-02   2.31544122e-01   2.64865393e-03   1.96016021e-03
    2.01796647e-02   7.60637398e-04  -3.93807050e-03   1.33220125e-02]
 [  3.44787817e-03  -1.94706861e-03   2.28235987e-03   3.30144516e-03
   -8.59036949e-03  -3.03547597e-03   9.97062423e-04   2.48529972e-03
   -4.20526136e-03   2.13826194e-01  -3.08530615e-03   2.66097533e-03
    1.09786540e-03   2.79886345e-03  -2.50632991e-03   9.46322281e-04]
 [  3.43854353e-03  -1.90959091e-03   2.21114187e-03   3.32957273e-03
   -8.63587484e-03  -2.98163737e-03   9.55699361e-04   2.42603151e-03
   -4.31562215e-03   2.16078520e-01  -3.04428954e-03   2.60382262e-03
    1.02999620e-03   2.74635805e-03  -2.44373037e-03   8.67160794e-04]
 [  3.37385689e-03  -1.83862960e-03   2.23264541e-03   3.23914923e-03
   -8.49641673e-03  -2.92158616e-03   7.82527495e-04   2.44251685e-03
   -4.23963973e-03   2.12878168e-01  -3.01550282e-03   2.52725650e-03
    9.19821498e-04   2.65228655e-03  -2.43540620e-03   7.58380222e-04]
 [  3.29859182e-03  -1.78077980e-03   2.08107708e-03   3.23748495e-03
   -8.65814090e-03  -2.80694477e-03   8.04991461e-04   2.28874874e-03
   -4.18821909e-03   2.14165866e-01  -2.85833376e-03   2.47853505e-03
    8.70653545e-04   2.56783725e-03  -2.27796147e-03   7.56888941e-04]
 [  3.41484556e-03  -1.82696350e-03   2.16242834e-03   3.26708658e-03
   -8.85592028e-03  -2.93958210e-03   7.81730283e-04   2.36343686e-03
   -4.54388419e-03   2.14949235e-01  -2.99029914e-03   2.51639099e-03
    8.91962729e-04   2.65891082e-03  -2.37853499e-03   7.69247243e-04]
 [  3.38717713e-03  -1.76475465e-03   2.08879681e-03   3.19601223e-03
   -8.98651686e-03  -2.93161790e-03   7.21630291e-04   2.33038841e-03
   -4.39782999e-03   2.17270494e-01  -3.01742787e-03   2.45754444e-03
    8.30850448e-04   2.67051114e-03  -2.34747631e-03   7.06428022e-04]
 [  3.55562917e-03  -1.90616620e-03   2.19877367e-03   3.39665893e-03
   -8.85393471e-03  -3.04441736e-03   8.93860415e-04   2.43045087e-03
   -4.36896551e-03   2.14016423e-01  -3.08650360e-03   2.65125721e-03
    1.00754178e-03   2.78629968e-03  -2.45568878e-03   8.69836949e-04]
 [  3.36511084e-03  -1.81087246e-03   2.09952192e-03   3.26372916e-03
   -8.75653606e-03  -2.87784031e-03   8.37338506e-04   2.32712296e-03
   -4.04057326e-03   2.17374519e-01  -2.93164374e-03   2.51602521e-03
    9.12047108e-04   2.64672656e-03  -2.32632481e-03   7.85811571e-04]
 [  3.43746529e-03  -1.85065321e-03   2.18484062e-03   3.29229468e-03
   -8.61909706e-03  -3.01708304e-03   8.59594438e-04   2.41907407e-03
   -4.26075701e-03   2.16456696e-01  -3.04386439e-03   2.56764959e-03
    9.60177800e-04   2.74636503e-03  -2.41674343e-03   8.15790088e-04]
 [  3.32334777e-03  -1.75090763e-03   1.98475574e-03   3.13186971e-03
   -8.40840023e-03  -2.82256375e-03   7.24361977e-04   2.22434965e-03
   -4.05279454e-03   2.12893754e-01  -2.89740693e-03   2.32336204e-03
    8.54815356e-04   2.59911059e-03  -2.23904569e-03   7.25885329e-04]
 [  3.35218967e-03  -1.81414408e-03   2.10742722e-03   3.20565072e-03
   -8.47151130e-03  -2.85097514e-03   8.38698586e-04   2.31574592e-03
   -3.87723115e-03   2.15946376e-01  -2.94643524e-03   2.50064698e-03
    9.37043573e-04   2.64703389e-03  -2.33608368e-03   7.78219604e-04]
 [  3.59219778e-03  -1.94875943e-03   2.27661617e-03   3.44750006e-03
   -8.95898137e-03  -3.09425360e-03   9.24818916e-04   2.51828367e-03
   -4.49106563e-03   2.13865325e-01  -3.13791167e-03   2.68734549e-03
    1.03846309e-03   2.81111943e-03  -2.53026537e-03   8.70277931e-04]
 [  3.46517283e-03  -1.94064167e-03   2.22799485e-03   3.33515136e-03
   -8.56526010e-03  -2.95824185e-03   1.01112912e-03   2.43300083e-03
   -4.02196683e-03   2.10840821e-01  -3.01312841e-03   2.57554464e-03
    1.11123675e-03   2.70410790e-03  -2.43226532e-03   9.25716362e-04]
 [  3.44484556e-03  -1.90547644e-03   2.25409190e-03   3.37792072e-03
   -8.97620060e-03  -3.00442707e-03   9.44208179e-04   2.46955431e-03
   -4.45745839e-03   2.15788141e-01  -3.01132747e-03   2.69366149e-03
    1.00690720e-03   2.71874573e-03  -2.44769431e-03   9.48057044e-04]
 [  3.45252873e-03  -1.78213511e-03   2.09699688e-03   3.33288941e-03
   -8.73044785e-03  -2.97629484e-03   7.89949438e-04   2.37594545e-03
   -4.10706224e-03   2.12821186e-01  -2.96299579e-03   2.51730578e-03
    8.72077246e-04   2.65327003e-03  -2.32823449e-03   6.98132615e-04]
 [  1.91237521e+00   1.15372315e-01   1.91873658e+00   2.06127787e+00
   -3.16801012e-01  -1.97877312e+00   1.99566305e+00   1.84057605e+00
    2.01239800e+00  -2.28273320e+00  -2.32168317e+00   2.29482174e+00
    2.39056754e+00   1.94759405e+00  -2.13753390e+00   2.67117471e-01]
 [  1.92615223e+00   1.71252534e-01   2.33562064e+00   2.08687592e+00
    2.42834479e-01  -2.34867954e+00   2.33973145e+00   2.23292375e+00
    2.31555486e+00  -2.08308744e+00  -2.19624853e+00   2.16556859e+00
    2.12316012e+00   1.89207506e+00  -2.27906442e+00  -3.48222218e-02]
 [  1.97908986e+00   2.96372682e-01   1.73108518e+00   2.19377422e+00
   -9.18398947e-02  -1.95040584e+00   2.01409960e+00   2.13076258e+00
    2.34782743e+00  -1.97082269e+00  -2.11166406e+00   1.90376019e+00
    2.11876106e+00   2.28248525e+00  -2.12562275e+00  -2.00251162e-01]
 [  2.16324115e+00   3.02769810e-01   2.24945688e+00   2.19383860e+00
    1.18941553e-01  -1.69207561e+00   2.08411884e+00   2.17070460e+00
    1.90610373e+00  -2.74875140e+00  -2.03613782e+00   1.70893216e+00
    2.32429051e+00   2.31789422e+00  -1.94918191e+00  -1.05144948e-01]
 [  2.10730839e+00   1.22644589e-04   2.21020579e+00   2.04919243e+00
   -1.03588112e-01  -1.90475988e+00   2.16183949e+00   1.77041316e+00
    2.18627048e+00  -2.26858187e+00  -2.23044634e+00   1.74551821e+00
    2.24471521e+00   1.96223736e+00  -1.86796951e+00  -1.75487638e-01]
 [  2.44655299e+00   2.68798321e-01   2.00097179e+00   2.09730411e+00
   -1.38045058e-01  -2.32925129e+00   2.24401307e+00   2.32715368e+00
    2.18668365e+00  -2.35584879e+00  -2.35948491e+00   2.30574751e+00
    2.14722300e+00   2.21824026e+00  -2.19415808e+00   2.91615516e-01]
 [  6.43013120e-01  -7.68989194e-05   6.40601158e-01   6.42070949e-01
   -1.42517127e-02  -6.43673778e-01   6.28696263e-01   6.41785085e-01
    5.85724771e-01  -6.17984891e-01  -6.43702328e-01   6.44664109e-01
    6.33955717e-01   6.43514991e-01  -6.41383052e-01   9.97055054e-01]
 [  2.03961277e+00   1.16910309e-01   2.29298496e+00   2.05435300e+00
   -2.59752125e-01  -2.16623878e+00   2.19770861e+00   2.30354905e+00
    1.92990732e+00  -2.60454559e+00  -1.84945416e+00   2.02958083e+00
    1.79486334e+00   1.99237216e+00  -2.04453850e+00   6.70779049e-02]
 [  1.93073177e+00  -1.52806297e-01   2.23283982e+00   2.24634480e+00
   -1.38010576e-01  -1.94736385e+00   1.87083948e+00   2.29253817e+00
    2.51477575e+00  -2.38242793e+00  -2.26443529e+00   1.78748953e+00
    1.95881081e+00   2.12017250e+00  -1.89377189e+00  -2.21434355e-01]
 [  2.31974769e+00  -2.99168140e-01   1.91461229e+00   1.87856388e+00
   -2.25832134e-01  -2.19287014e+00   2.15817738e+00   2.13963795e+00
    2.50386572e+00  -2.62555742e+00  -1.82255995e+00   2.29441881e+00
    2.21295667e+00   1.95882308e+00  -2.07346463e+00  -4.80649546e-02]
 [  2.26475668e+00   9.01786461e-02   2.14389491e+00   2.26644349e+00
   -3.63904327e-01  -1.99749053e+00   2.22929621e+00   1.97717762e+00
    2.26946568e+00  -2.51614618e+00  -2.15468597e+00   2.23366451e+00
    1.98182940e+00   2.00085187e+00  -2.18084526e+00  -1.31929755e-01]
 [  2.37729239e+00  -5.44491298e-02   2.06288505e+00   2.22227573e+00
   -2.90308297e-01  -2.32792163e+00   1.99735248e+00   2.17443156e+00
    1.91297233e+00  -2.62033892e+00  -2.04820299e+00   1.89426160e+00
    2.09988594e+00   2.26952577e+00  -2.37571955e+00  -1.30424902e-01]
 [  1.94450569e+00   1.93245560e-01   2.08149791e+00   1.97805583e+00
   -3.35069329e-01  -2.35366511e+00   1.84385526e+00   1.98459017e+00
    2.33987236e+00  -2.28523731e+00  -1.79552531e+00   1.98831546e+00
    1.89738643e+00   2.01966095e+00  -2.01258993e+00  -2.72670627e-01]
 [  2.27145290e+00   1.00997584e-02   2.42428756e+00   2.11530232e+00
    1.63783908e-01  -2.26587057e+00   2.12821841e+00   1.90104330e+00
    2.06089520e+00  -2.56136203e+00  -1.79773796e+00   2.41064930e+00
    2.10252428e+00   2.32253909e+00  -2.39112663e+00  -5.95746972e-02]
 [  1.88307309e+00  -1.77579716e-01   2.05944586e+00   1.74200761e+00
    8.76840502e-02  -1.90204453e+00   2.20212364e+00   2.35080862e+00
    2.14827085e+00  -2.55219388e+00  -2.19519353e+00   2.40198541e+00
    1.99042845e+00   2.15767002e+00  -2.22833157e+00   2.19787449e-01]
 [  1.88052773e+00   2.94634644e-02   1.93593991e+00   2.35745478e+00
   -2.14951843e-01  -2.18742108e+00   2.16263533e+00   1.97413659e+00
    2.18702650e+00  -2.17715979e+00  -2.31042409e+00   2.37838459e+00
    2.27520394e+00   2.04433322e+00  -1.82738531e+00   3.03749651e-01]]
Bob
[[ -2.54165637e-03   2.45396537e-03  -2.47725239e-03  -2.75998167e-03
    3.13447695e-03   2.76439707e-03  -2.09304690e-01   2.71851127e-03
    2.41117086e-03   2.72140675e-03  -2.68135848e-03   2.80470611e-03
   -2.63423100e-03   2.74213799e-03   2.73762154e-03   2.71376409e-03]
 [ -2.54716538e-03   2.45575956e-03  -2.44075828e-03  -2.76877498e-03
    3.26498295e-03   2.78967363e-03  -2.08601639e-01   2.69253529e-03
    2.36344617e-03   2.74626189e-03  -2.61641410e-03   2.79182056e-03
   -2.58816080e-03   2.68264627e-03   2.75189918e-03   2.73455447e-03]
 [ -2.46016681e-03   2.47313641e-03  -2.47601769e-03  -2.64995708e-03
    2.92444881e-03   2.71832407e-03  -2.05355942e-01   2.57495465e-03
    2.34773057e-03   2.62950896e-03  -2.56702420e-03   2.72962102e-03
   -2.55104783e-03   2.64876476e-03   2.64295796e-03   2.66108522e-03]
 [ -2.51541403e-03   2.47587729e-03  -2.49313982e-03  -2.69642030e-03
    2.91873747e-03   2.73292395e-03  -2.09092364e-01   2.63997354e-03
    2.35801493e-03   2.69295694e-03  -2.63674371e-03   2.74996855e-03
   -2.60787061e-03   2.62866262e-03   2.67521315e-03   2.70640571e-03]
 [ -2.54565710e-03   2.47317529e-03  -2.45858612e-03  -2.74421438e-03
    2.99459673e-03   2.75821122e-03  -2.06547737e-01   2.66377279e-03
    2.35692086e-03   2.70081987e-03  -2.67560384e-03   2.76919245e-03
   -2.61225319e-03   2.66733300e-03   2.72294367e-03   2.72767455e-03]
 [ -2.50154594e-03   2.50626891e-03  -2.47488474e-03  -2.73264037e-03
    2.91260332e-03   2.73485226e-03  -2.09054694e-01   2.65939464e-03
    2.37399223e-03   2.67513259e-03  -2.63528852e-03   2.77972198e-03
   -2.63760006e-03   2.69746920e-03   2.72106286e-03   2.69513810e-03]
 [ -2.58373399e-03   2.49687512e-03  -2.50384258e-03  -2.77453475e-03
    3.23205185e-03   2.81674648e-03  -2.07692102e-01   2.70261010e-03
    2.39526969e-03   2.74982373e-03  -2.66777142e-03   2.79263873e-03
   -2.60026823e-03   2.72523542e-03   2.75421445e-03   2.76350020e-03]
 [ -2.47658021e-03   2.40509678e-03  -2.42775423e-03  -2.68513523e-03
    3.05536133e-03   2.71690264e-03  -2.06757754e-01   2.64420453e-03
    2.34523066e-03   2.62769591e-03  -2.59104534e-03   2.72060162e-03
   -2.55265972e-03   2.64590164e-03   2.65071634e-03   2.66246987e-03]
 [ -2.64078612e-03   2.54922034e-03  -2.54331040e-03  -2.87426007e-03
    3.16332397e-03   2.86973477e-03  -2.06684932e-01   2.80062552e-03
    2.50021345e-03   2.80627888e-03  -2.81336717e-03   2.91391788e-03
   -2.73896474e-03   2.80404463e-03   2.81679397e-03   2.81864475e-03]
 [ -2.52653938e-03   2.46378896e-03  -2.44530314e-03  -2.76819943e-03
    3.03984364e-03   2.75513437e-03  -2.07535267e-01   2.68438202e-03
    2.40608375e-03   2.71958276e-03  -2.69536069e-03   2.79294443e-03
   -2.63592834e-03   2.69669970e-03   2.72544171e-03   2.70343968e-03]
 [ -2.52626603e-03   2.47851945e-03  -2.48296186e-03  -2.77348026e-03
    2.99035804e-03   2.75445683e-03  -2.07152620e-01   2.69162771e-03
    2.38833483e-03   2.72497907e-03  -2.66596372e-03   2.80769612e-03
   -2.62915879e-03   2.70493049e-03   2.72521749e-03   2.70775543e-03]
 [ -2.66944291e-03   2.62144743e-03  -2.59762560e-03  -2.90765637e-03
    3.08714085e-03   2.87243072e-03  -2.07788974e-01   2.81352201e-03
    2.49643717e-03   2.87395506e-03  -2.73880269e-03   2.94527505e-03
   -2.74107605e-03   2.83859600e-03   2.87004141e-03   2.82643479e-03]
 [ -2.44603679e-03   2.39865785e-03  -2.37777992e-03  -2.67789373e-03
    3.03375442e-03   2.67867302e-03  -2.08367497e-01   2.58968864e-03
    2.26416835e-03   2.63668294e-03  -2.52689072e-03   2.69736839e-03
   -2.49577872e-03   2.64199520e-03   2.68186838e-03   2.62249936e-03]
 [ -2.58567906e-03   2.54742848e-03  -2.52346531e-03  -2.73800874e-03
    3.16128344e-03   2.84574856e-03  -2.08241329e-01   2.70426041e-03
    2.40982627e-03   2.72215880e-03  -2.69861193e-03   2.82729557e-03
   -2.64340616e-03   2.76415143e-03   2.74439598e-03   2.77935853e-03]
 [ -2.53397645e-03   2.46410631e-03  -2.44044443e-03  -2.80239224e-03
    3.15640820e-03   2.74483603e-03  -2.08622783e-01   2.71974877e-03
    2.38195644e-03   2.77947960e-03  -2.65330914e-03   2.81728804e-03
   -2.64058961e-03   2.71237618e-03   2.76959245e-03   2.71403277e-03]
 [ -2.61738827e-03   2.53902050e-03  -2.52178917e-03  -2.77915038e-03
    3.33945826e-03   2.86563393e-03  -2.08779246e-01   2.73276703e-03
    2.41499511e-03   2.76778010e-03  -2.71747285e-03   2.81161838e-03
   -2.65880511e-03   2.75871321e-03   2.79767183e-03   2.82360613e-03]
 [ -1.76191700e+00   2.02884007e+00  -2.14308786e+00  -2.17725945e+00
    3.00954390e+00   2.06075907e+00  -1.39752761e-01   2.14985275e+00
   -6.01975769e-02   2.25717497e+00  -5.29075980e-01   1.88415909e+00
   -1.76402557e+00   2.19936395e+00   1.97299087e+00   1.83967769e+00]
 [ -2.23515511e+00   2.25897455e+00  -1.78714466e+00  -2.20388222e+00
    2.53467441e+00   2.28431606e+00  -7.04289377e-02   1.97861302e+00
    4.91551280e-01   2.08122253e+00   1.59091234e-01   2.06621695e+00
   -2.06125379e+00   2.44909120e+00   2.14998651e+00   1.85231757e+00]
 [ -2.21109176e+00   2.44161415e+00  -1.89348924e+00  -2.02266526e+00
    2.26561141e+00   2.33951926e+00  -5.23336791e-02   2.32873273e+00
   -3.42258364e-02   2.22852159e+00  -1.40974015e-01   1.95345271e+00
   -1.94177425e+00   2.48825932e+00   2.08355856e+00   1.95106065e+00]
 [ -2.18621182e+00   1.83650863e+00  -1.77490759e+00  -1.91422153e+00
    2.73875237e+00   1.93857419e+00   2.19317544e-02   2.16484880e+00
   -3.05912882e-01   1.86752427e+00  -7.46715605e-01   2.17253518e+00
   -2.17564797e+00   2.23509145e+00   2.16214943e+00   1.72978342e+00]
 [ -2.88967443e+00   2.59014535e+00  -2.81173086e+00  -2.52802944e+00
    2.19931531e+00   2.80582166e+00  -3.68314311e-02   2.87612939e+00
    3.58876623e-02   2.65775084e+00  -1.35519826e+00   2.79678679e+00
   -2.52260900e+00   2.52212548e+00   2.79876637e+00   2.93924260e+00]
 [ -2.25474429e+00   2.21120429e+00  -2.37791324e+00  -2.45978189e+00
    2.89829135e+00   1.84554660e+00  -1.67529453e-02   1.81207871e+00
    4.49102670e-01   2.01135135e+00  -3.34439754e-01   1.91978860e+00
   -2.16749525e+00   2.24863791e+00   2.21755338e+00   2.18928432e+00]
 [ -2.30768108e+00   2.35343742e+00  -2.25600791e+00  -2.22605729e+00
    1.99021983e+00   2.35171437e+00   2.98424572e-01   2.36994243e+00
   -3.05758536e-01   2.23878050e+00   9.49169815e-01   2.40570927e+00
   -2.38508582e+00   1.94115150e+00   2.28843760e+00   2.02140284e+00]
 [ -2.03926468e+00   2.14667821e+00  -2.14223838e+00  -1.85946894e+00
    2.41380787e+00   1.76783752e+00  -3.56596224e-02   2.40729070e+00
   -2.29853228e-01   2.37981081e+00  -1.58386305e-01   2.27752256e+00
   -2.26670074e+00   1.77863348e+00   2.40879130e+00   1.85916674e+00]
 [ -2.21158218e+00   2.13215733e+00  -2.20947361e+00  -2.36889005e+00
    1.66493273e+00   2.55852127e+00   3.09912097e-02   2.58140755e+00
   -7.40376264e-02   2.08343148e+00   1.20168078e+00   2.41567516e+00
   -2.70208430e+00   2.37024307e+00   2.05875039e+00   2.39290237e+00]
 [ -4.45116907e-01   4.52146977e-01  -4.36471701e-01  -4.48546439e-01
   -5.98954022e-01   4.45164770e-01  -2.46940996e-03   4.39144820e-01
   -2.06484674e-06   4.49394017e-01  -1.37866717e-02   4.44495618e-01
   -4.19994056e-01   4.39572275e-01   4.45487529e-01   4.44873631e-01]
 [ -2.05876207e+00   2.36772418e+00  -2.16830373e+00  -2.14707947e+00
    3.02111769e+00   2.05476594e+00  -7.27814361e-02   1.95607662e+00
   -2.50536412e-01   2.28901196e+00  -1.78421453e-01   2.25151968e+00
   -2.00215650e+00   2.18369579e+00   2.15132070e+00   2.25444531e+00]
 [ -2.18007398e+00   2.47232080e+00  -2.35760832e+00  -2.16001344e+00
    2.51431489e+00   2.19777751e+00   3.07502538e-01   1.89815307e+00
    6.29077703e-02   2.34760904e+00  -3.51433992e-01   2.25994444e+00
   -2.07662749e+00   2.17997003e+00   2.29471397e+00   2.06406879e+00]
 [ -2.10917258e+00   1.93638432e+00  -2.59627223e+00  -2.21115112e+00
    2.09672689e+00   1.97435820e+00   8.01812708e-02   2.23409200e+00
   -1.47755817e-01   2.19706917e+00   9.90225554e-01   2.18088770e+00
   -2.24662852e+00   2.20397043e+00   2.38771200e+00   2.36961889e+00]
 [ -1.93479729e+00   1.92205918e+00  -1.78606403e+00  -2.34176874e+00
    2.83646441e+00   2.41229391e+00   6.92577809e-02   1.93991232e+00
   -2.85196811e-01   1.97027493e+00   6.05005771e-02   2.32493663e+00
   -2.18514585e+00   1.75956011e+00   1.82997680e+00   2.34302807e+00]
 [ -2.27452397e+00   2.32246637e+00  -2.16492653e+00  -2.25864387e+00
    2.59148765e+00   2.10906768e+00  -4.04260829e-02   1.92560899e+00
   -1.67375833e-01   2.29780364e+00  -6.28477931e-02   1.81244576e+00
   -2.16801691e+00   2.19507337e+00   1.81844604e+00   2.38220716e+00]
 [ -2.04995871e+00   2.14451051e+00  -2.42080188e+00  -2.16405010e+00
    1.98165548e+00   1.81921542e+00   2.38875285e-01   1.83081341e+00
   -1.10284753e-01   2.09067988e+00   8.64497840e-01   1.85212064e+00
   -2.35112834e+00   2.42244434e+00   2.30028129e+00   2.36804652e+00]]
Eve
[[ 2.8947196   0.6810928  -2.87988305  3.05422688  2.16449332  2.91855359
  -3.1004498  -3.28968477 -2.80436373 -3.32620692 -3.28997302 -3.07420969
  -2.8545332   3.22881222 -2.82472825 -3.176229  ]
 [ 2.84055877  2.18167305 -3.10652542  2.67627501 -0.01285177  2.88978553
  -2.76479626 -2.69859076 -2.73744106 -2.79321361 -3.01334739 -2.96457291
  -3.01507926  3.28697705 -2.68897772 -2.79851866]
 [ 2.74592686  1.89594901 -3.26021719  2.98811054 -0.19990687  2.7915113
  -3.24248338 -2.93004656 -3.30102348 -3.06937623 -3.2219131  -3.10104704
  -3.1303556   3.0831008  -3.215832   -2.79972887]
 [ 3.11987734  0.68382108 -2.90722537  3.03115702  2.21152878  2.85964274
  -3.2105906  -2.88181043 -3.08317447 -2.6865294  -3.21182394 -2.95918179
  -3.1273222   2.75850391 -2.92686319 -2.84174371]
 [ 3.18447971 -0.63209969 -2.82500219  3.23262382  2.80031037  3.33084202
  -3.01817656 -3.32231545 -3.35466528 -2.88138843 -3.22732401 -3.14053369
  -2.88150311  3.39091349 -3.23673677 -2.76878262]
 [ 3.02100754  1.18728852 -3.33861637  2.96926904  2.38831949  3.44975948
  -2.70834327 -3.06394196 -3.40119147 -3.11713171 -2.93573284 -2.77363181
  -2.96252275  3.15811229 -2.82747674 -3.24593163]
 [ 3.05494666  2.02858949 -3.00348473  3.11107469 -0.91429675  3.10898423
  -3.11555409 -2.78525925 -3.29888558 -3.18789959 -3.01111603 -3.41466713
  -2.79942775  3.19186807 -3.33780885 -2.80983424]
 [ 2.82542443  2.00771785 -3.1268456   3.09808636  0.30429593  2.72823143
  -3.32756209 -3.34046316 -2.82439709 -3.22303414 -3.07786655 -2.78809428
  -2.80251932  2.73652816 -2.84332442 -3.14797425]
 [ 2.96863699  1.71518445 -3.10611367  2.99583411 -1.22959065  3.11049891
  -2.83255076 -2.96254396 -3.23043871 -3.17759562 -3.27959657 -3.15310693
  -3.14775467  2.87328076 -2.92020845 -3.25295305]
 [ 2.79964328 -0.01434058 -2.74808764  2.76549172  0.21496454  2.76967287
  -2.76246166 -2.79824018 -2.82750702  0.69152147 -2.78667259 -2.8826592
  -2.90168953  2.77030277 -2.75570011 -0.21289156]
 [ 2.72697496  1.24701643 -3.1868329   2.78150797  2.46321654  3.12833095
  -2.86792827 -3.16980696 -3.149822   -2.75085735 -2.82941103 -3.24587584
  -3.25706148  3.22289586 -3.1610949  -3.0029459 ]
 [ 2.97639751  1.55892146 -3.29269958  2.95080566  1.50320089  3.30251122
  -2.82034206 -2.86160612 -3.28037596 -3.19404483 -3.12694573 -3.11706948
  -3.05936694  2.99647927 -3.38448501 -3.28264093]
 [ 2.9701817   1.6626333  -2.89834595  3.085428   -1.38430691  3.35986304
  -3.29151058 -2.72775722 -3.03702021 -3.22056365 -2.8103404  -3.37417769
  -3.03525376  2.93796277 -3.38260293 -2.74145222]
 [ 2.75947452  1.17463326 -2.72473598  3.12239313  2.24115348  2.76583052
  -2.95026684 -3.3249929  -2.843817   -2.85810065 -3.02462125 -2.74463272
  -2.86684227  3.02292156 -3.40034723 -3.00387597]
 [ 2.76569557  1.55702972 -3.04056621  2.80732322  0.39162892  3.37065244
  -3.06414056 -3.08024287 -2.77943039 -2.79323578 -2.94579196 -3.40472794
  -3.32023215  3.04129601 -2.86576748 -3.18899417]
 [ 3.04798555  1.74904466 -2.69499254  3.0328548  -1.16860664  3.17495465
  -2.62942076 -2.86404657 -2.96306276 -2.56754971 -3.25268936 -2.77495408
  -2.90286994  2.85941339 -2.85824847 -2.75510573]
 [ 2.89821029 -1.20185518 -3.39066529  3.125561    1.90491354  3.35600185
  -3.2735076  -3.03160429 -3.25988674 -3.0908637  -3.18937659 -3.09665775
  -3.19466043  3.39043331 -3.4424541  -3.11244392]
 [ 3.27603173 -1.68131423 -3.38231945  3.13951159  2.08872175  3.42088175
  -3.14979005 -3.24407005 -3.25972295 -3.10389113 -2.80790234 -2.89820433
  -3.30652142  3.14571452 -3.32668781 -3.04312468]
 [ 2.83915615 -1.25146997 -2.89684176  3.12308383  2.24934697  3.25813508
  -3.01804948 -3.2116394  -2.79404998 -3.00758338 -3.33246231 -3.25601268
  -2.93559742  3.01868486 -2.93244624 -2.94474006]
 [ 3.18131328 -1.28594327 -3.12769365  2.83937693  2.2429204   3.25362706
  -2.82747936 -3.11527085 -2.79334545 -3.2079463  -3.37689257 -2.92629337
  -2.7296524   2.92539167 -3.3501277  -2.47677875]
 [ 3.098279   -1.60585952 -2.9545207   3.14625144  2.19554615  2.74954915
  -2.81447458 -2.98410106 -2.67712545 -2.67725492 -3.21046233 -2.84123993
  -2.96163011  2.73308778 -3.06162882 -2.79860592]
 [ 3.36537981 -1.36598599 -3.07718945  2.95838475  2.25219345  3.40547919
  -3.18986297 -3.20287228 -3.3692503  -2.98634052 -3.03641868 -2.84292841
  -2.77328205  2.88356972 -3.28746653 -2.88052964]
 [ 2.92399263  0.01504059 -2.95700169  2.94452977  0.01865883  2.91076183
  -2.92934775 -2.90447569 -2.90479827 -2.91365433 -2.91533065 -2.88197207
  -2.87245464  2.92800164 -2.93707514 -2.70094228]
 [ 3.15135479 -1.35582757 -3.11137605  2.93448162  2.4075439   2.80798292
  -3.24333167 -3.32702708 -3.06144571 -3.20674682 -2.79743242 -3.25977445
  -3.18437648  3.25387621 -3.32906818 -2.5606935 ]
 [ 2.94725633 -1.38286185 -3.34735894  3.07415128  2.42025948  3.31407404
  -2.83809662 -3.08259511 -3.06622052 -2.77390814 -3.18430138 -2.96230745
  -3.19957161  3.03943443 -3.06272507 -2.73901224]
 [ 3.00142336 -1.45703888 -3.24629521  3.12208724  1.9231559   2.95619965
  -3.28199601 -2.86210966 -3.35501146 -3.16150665 -3.41737652 -3.13407207
  -3.14624858  3.28562689 -2.71157002 -2.55705404]
 [ 3.36751413 -1.53050077 -3.33756995  3.17761016  2.42422652  2.78242636
  -3.19463301 -3.39621758 -2.7464397  -2.89394426 -3.20460653 -2.79615569
  -3.0030582   2.82413626 -3.05935359 -3.11949897]
 [ 3.29876184 -1.11732507 -3.31876183  3.19904423  2.14483953  2.99766636
  -2.83091664 -2.77492166 -3.36293888 -3.16343355 -2.9993639  -3.00819492
  -3.04910398  3.17235351 -2.84279656 -2.79253078]
 [ 3.17105126 -1.32169449 -2.69071293  3.10597467  2.11230302  2.71487737
  -3.21780133 -2.79786229 -2.7649262  -2.82024431 -3.45402455 -2.82248354
  -2.97248554  2.96885276 -2.78245568 -3.00253582]
 [ 3.43073559 -1.38996232 -2.83411813  3.17213535  2.33031821  3.13567519
  -3.18424773 -3.04354835 -3.02302861 -3.01923561 -3.12999654 -2.79653001
  -3.06742883  3.07978153 -3.28046751 -2.69474912]
 [ 2.94249511 -1.40600049 -2.82134485  3.21054697  2.29419422  3.31929159
  -2.82347417 -2.93555379 -3.34990287 -2.632442   -3.21604419 -3.24045205
  -3.29275036  2.87553596 -2.87841702 -2.57524824]
 [ 3.20929313 -1.23242962 -3.28555608  2.88417935  2.06733632  2.96648121
  -2.81814027 -3.16801023 -3.07306504 -2.67321992 -2.91337252 -2.74885106
  -2.95585442  3.12012887 -3.26142716 -2.58004498]]