Alice
[[  2.14656696e-01  -2.16201181e-03   3.14186350e-03  -2.48692394e-03
   -2.49245414e-03   9.31518897e-03  -2.62859464e-03  -3.34621337e-03
   -2.49241898e-03  -2.41599535e-03   2.02973676e-03   2.32010707e-03
    3.03295534e-03  -2.54298886e-03  -1.84932980e-03   2.64260499e-03]
 [  2.09091634e-01  -2.01568683e-03   2.95301504e-03  -2.32415646e-03
   -2.22902559e-03   9.19031817e-03  -2.40641623e-03  -3.19341663e-03
   -2.25879834e-03  -2.12439289e-03   1.85522321e-03   2.18681572e-03
    2.77469866e-03  -2.28586188e-03  -1.76122179e-03   2.44371197e-03]
 [  2.14296892e-01  -2.17887224e-03   3.07240384e-03  -2.53936369e-03
   -2.45547853e-03   9.24515165e-03  -2.53443443e-03  -3.35233961e-03
   -2.48543103e-03  -2.42760172e-03   2.10701255e-03   2.21000309e-03
    2.96453922e-03  -2.45391531e-03  -1.82984548e-03   2.65473756e-03]
 [  2.13664576e-01  -2.01206980e-03   2.98329396e-03  -2.36029993e-03
   -2.27824762e-03   9.00052767e-03  -2.51479191e-03  -3.24621052e-03
   -2.31771427e-03  -2.21579662e-03   1.88831880e-03   2.13317433e-03
    2.80914316e-03  -2.31758016e-03  -1.71084213e-03   2.46506883e-03]
 [  2.11533263e-01  -2.09456589e-03   3.01298313e-03  -2.38916255e-03
   -2.33435258e-03   9.07794945e-03  -2.55113700e-03  -3.23666562e-03
   -2.36265850e-03  -2.25325255e-03   1.98476948e-03   2.32170499e-03
    2.82670907e-03  -2.38374271e-03  -1.89035968e-03   2.48793978e-03]
 [  2.09875777e-01  -2.09339778e-03   2.97941407e-03  -2.40367861e-03
   -2.26474181e-03   8.56057927e-03  -2.53738300e-03  -3.21638421e-03
   -2.32514669e-03  -2.20654602e-03   1.97505439e-03   2.23449897e-03
    2.79551186e-03  -2.31577642e-03  -1.87385245e-03   2.47292477e-03]
 [  2.11263344e-01  -2.13380670e-03   3.02762631e-03  -2.39061634e-03
   -2.39933841e-03   9.42910835e-03  -2.52682506e-03  -3.24408803e-03
   -2.39077117e-03  -2.30787788e-03   1.96016859e-03   2.25092191e-03
    2.89888168e-03  -2.45912885e-03  -1.83770712e-03   2.50459765e-03]
 [  2.12941900e-01  -2.10008281e-03   2.95376847e-03  -2.43456312e-03
   -2.37050373e-03   9.30677634e-03  -2.53319484e-03  -3.18624801e-03
   -2.39988184e-03  -2.31010187e-03   2.05203216e-03   2.12569209e-03
    2.83049140e-03  -2.38370500e-03  -1.85480271e-03   2.53103161e-03]
 [  2.08090588e-01  -2.08581705e-03   3.17753642e-03  -2.46024900e-03
   -2.33086338e-03   8.61556921e-03  -2.60384288e-03  -3.45498952e-03
   -2.39658356e-03  -2.23509991e-03   1.96484989e-03   2.36195885e-03
    2.89285043e-03  -2.37853825e-03  -1.90040795e-03   2.54952884e-03]
 [  2.16333985e-01  -2.33750348e-03   3.19623505e-03  -2.64032790e-03
   -2.39731395e-03   8.83200113e-03  -2.68495362e-03  -3.50993546e-03
   -2.57314369e-03  -2.45637447e-03   2.14718957e-03   2.41747755e-03
    3.10480385e-03  -2.48363591e-03  -1.96878379e-03   2.70477380e-03]
 [  2.12843627e-01  -2.00489163e-03   3.07331188e-03  -2.37777736e-03
   -2.32776371e-03   9.00496729e-03  -2.68118107e-03  -3.32903792e-03
   -2.35788804e-03  -2.26444867e-03   1.92466239e-03   2.28972500e-03
    2.83957436e-03  -2.34198850e-03  -1.86982902e-03   2.50844588e-03]
 [  2.12441400e-01  -2.11835164e-03   3.10725789e-03  -2.42963596e-03
   -2.34617875e-03   9.39336605e-03  -2.58155796e-03  -3.35085765e-03
   -2.40693730e-03  -2.30142614e-03   1.93016534e-03   2.25082668e-03
    2.95826839e-03  -2.40518060e-03  -1.84690824e-03   2.55163759e-03]
 [  2.14538887e-01  -8.87356047e-03  -7.49420514e-03  -4.55737254e-03
   -6.88909227e-03  -1.12033933e-01  -7.78736128e-03   8.82172305e-03
   -6.10923860e-03  -5.65071730e-03   1.22260554e-02   8.87943339e-03
    2.24106200e-03  -6.67341007e-03  -1.58644654e-02   3.72467819e-03]
 [  2.10739210e-01  -2.13507283e-03   3.06243962e-03  -2.42116558e-03
   -2.34624511e-03   9.14167054e-03  -2.43492983e-03  -3.32608540e-03
   -2.38897558e-03  -2.27285316e-03   1.94263877e-03   2.24723760e-03
    2.92962487e-03  -2.40814500e-03  -1.73928111e-03   2.55093258e-03]
 [  2.12603360e-01  -2.05231295e-03   3.03506828e-03  -2.43999367e-03
   -2.33741524e-03   9.54290200e-03  -2.58722506e-03  -3.30459536e-03
   -2.38602050e-03  -2.31062085e-03   2.04843865e-03   2.25553801e-03
    2.80963792e-03  -2.33721104e-03  -1.86802412e-03   2.52874219e-03]
 [  2.15391099e-01  -2.07255362e-03   3.03784735e-03  -2.40897015e-03
   -2.35206774e-03   9.24169179e-03  -2.64197378e-03  -3.28476098e-03
   -2.40042643e-03  -2.36183126e-03   2.02685338e-03   2.21134350e-03
    2.87851831e-03  -2.38355459e-03  -1.86066912e-03   2.53749010e-03]
 [ -1.67320505e-01  -2.56463861e+00   2.36438131e+00  -2.25075436e+00
   -2.39849401e+00  -2.32117963e+00  -2.02094126e+00  -2.41372228e+00
   -2.35738254e+00  -2.45681262e+00   2.22643757e+00   2.37024307e+00
    2.59812689e+00  -2.24660730e+00  -1.96082008e+00   1.99471927e+00]
 [  4.86524999e-02   9.29641902e-01  -8.02207172e-01   7.10069001e-01
    7.72345841e-01   1.91513509e-01  -1.29123107e-01   8.17312479e-01
    5.64749420e-01   5.86032748e-01  -9.06134605e-01   8.22380185e-02
   -8.40342104e-01   8.24659884e-01  -4.27854598e-01  -7.10072815e-01]
 [ -2.84814090e-01  -2.56719518e+00   2.36189866e+00  -2.32929158e+00
   -2.32729673e+00  -2.32247901e+00  -2.57164240e+00  -2.11197138e+00
   -2.00413990e+00  -2.41711760e+00   2.44911456e+00   2.45408082e+00
    2.07813978e+00  -2.20393085e+00  -2.35612082e+00   2.53944325e+00]
 [  1.47052556e-01  -2.29647493e+00   2.25745654e+00  -2.19892287e+00
   -2.46642208e+00  -2.35089803e+00  -2.35791373e+00  -2.21837902e+00
   -1.98556280e+00  -2.47464752e+00   2.10427213e+00   2.25835919e+00
    2.39346361e+00  -2.05753851e+00  -2.12511230e+00   2.48214126e+00]
 [ -7.13736117e-02   5.47879457e-01  -6.84608400e-01   7.52635658e-01
    7.05050111e-01  -4.85894948e-01  -9.93415534e-01   6.74436569e-01
    8.62790525e-01   8.46128285e-01  -5.48283875e-01   4.57397699e-01
   -6.20300472e-01   6.18271589e-01  -4.50325578e-01  -7.52163231e-01]
 [ -1.13802701e-02  -2.12279153e+00   2.64216661e+00  -2.18900633e+00
   -2.42657471e+00  -2.43162608e+00  -2.06294608e+00  -2.32119060e+00
   -2.56828260e+00  -2.20032525e+00   2.05907297e+00   1.97660387e+00
    2.02914977e+00  -2.51904821e+00  -2.48439026e+00   2.30886531e+00]
 [  1.57984808e-01  -2.39682388e+00   1.98043227e+00  -2.38381577e+00
   -2.29221368e+00  -2.48804545e+00  -2.48802018e+00  -2.35233045e+00
   -2.56216311e+00  -2.23381972e+00   2.56890512e+00   2.07145071e+00
    2.39380836e+00  -2.64752865e+00  -2.31052709e+00   2.45483232e+00]
 [  4.57377285e-02  -2.48361325e+00   2.39938283e+00  -2.36744857e+00
   -2.43107176e+00  -2.32621551e+00  -2.49690604e+00  -2.44265819e+00
   -2.32980990e+00  -1.98816514e+00   1.99436021e+00   2.05322337e+00
    2.51821065e+00  -2.19622707e+00  -2.25243926e+00   2.38248467e+00]
 [ -2.42384374e-02  -1.92257011e+00   2.47780585e+00  -2.18244267e+00
   -2.41102719e+00  -2.27423143e+00  -2.39608073e+00  -2.29319930e+00
   -2.60016084e+00  -2.51068664e+00   2.03719664e+00   2.24025488e+00
    2.27652502e+00  -2.32958531e+00  -2.00671554e+00   2.23628306e+00]
 [  2.94798892e-02  -2.03174233e+00   2.01516199e+00  -2.28718162e+00
   -2.00349355e+00  -2.56224871e+00  -2.45546722e+00  -2.07290316e+00
   -2.20087862e+00  -2.32508802e+00   2.22170138e+00   2.19548321e+00
    2.02768230e+00  -2.35142350e+00  -2.35906172e+00   2.11452198e+00]
 [  1.75837159e-01  -2.40823984e+00   2.37222648e+00  -2.10190201e+00
   -2.17813563e+00  -2.49337792e+00  -2.08400059e+00  -2.43241620e+00
   -2.15578842e+00  -2.22718024e+00   2.52016115e+00   2.15888453e+00
    2.06498432e+00  -2.20023704e+00  -2.26052070e+00   2.17493343e+00]
 [ -2.38491390e-02  -9.35565293e-01   1.11858976e+00  -9.45327342e-01
   -1.05136085e+00  -6.13664031e-01   8.24041218e-02  -9.13984776e-01
   -5.76210737e-01  -6.19006872e-01   6.81302547e-01   2.79976606e-01
    8.39573324e-01  -7.26821899e-01  -2.90355265e-01   9.47966576e-01]
 [  5.47429100e-02  -9.93590534e-01   8.28943789e-01  -9.68692243e-01
   -8.76622438e-01  -5.86624265e-01  -4.13703442e-01  -1.03901970e+00
   -1.30504835e+00  -1.26592159e+00   1.22557151e+00   6.37403846e-01
    1.07514369e+00  -1.16661048e+00  -2.52900958e-01   9.67783749e-01]
 [ -2.26974472e-01  -1.96633863e+00   2.49506330e+00  -2.41874146e+00
   -2.01192570e+00  -2.35347080e+00  -1.94495285e+00  -2.41731215e+00
   -2.25112271e+00  -2.00635743e+00   2.63600659e+00   2.47810531e+00
    2.39540291e+00  -2.11666608e+00  -2.40859771e+00   2.31693959e+00]
 [ -1.93779618e-01  -2.15655804e+00   2.24583793e+00  -2.46408224e+00
   -2.11171770e+00  -2.08280039e+00  -2.32528782e+00  -2.17002416e+00
   -2.48816323e+00  -2.12185335e+00   2.08846593e+00   2.53893805e+00
    2.20589995e+00  -2.51714206e+00  -2.39787698e+00   2.29725266e+00]
 [ -3.40326428e-02  -2.49874544e+00   1.91158330e+00  -2.28060341e+00
   -2.34764719e+00  -2.38035488e+00  -2.05929399e+00  -2.16479325e+00
   -1.94047248e+00  -2.48098493e+00   2.44360590e+00   2.22745323e+00
    2.36064267e+00  -2.04145503e+00  -2.26389194e+00   2.13242173e+00]]
Bob
[[ -3.21447151e-03  -2.22330704e-01   3.44048720e-03   3.35203740e-03
    2.22387671e-01   3.25499079e-03  -3.54906847e-03   3.46796052e-03
   -3.52345663e-03   3.42481956e-03   3.40031227e-03   2.16560498e-01
    2.15752512e-01   3.40406690e-03  -2.95672379e-03  -3.40557704e-03]
 [ -3.02994531e-03  -2.21825600e-01   3.45898536e-03   3.29591869e-03
    2.21436158e-01   3.13667534e-03  -3.53462831e-03   3.43072647e-03
   -3.41684534e-03   3.59420315e-03   3.35450796e-03   2.16386631e-01
    2.15615526e-01   3.33394622e-03  -2.91145220e-03  -3.30761122e-03]
 [ -3.14490986e-03  -2.22300544e-01   3.22883925e-03   3.23633407e-03
    2.22662061e-01   3.11413757e-03  -3.41791078e-03   3.34814517e-03
   -3.41330445e-03   3.17332428e-03   3.27215204e-03   2.16898069e-01
    2.16026828e-01   3.22020194e-03  -2.77047278e-03  -3.25092347e-03]
 [ -3.28659988e-03  -2.21801877e-01   3.24071362e-03   3.34468437e-03
    2.21562430e-01   3.25177819e-03  -3.53898131e-03   3.43402545e-03
   -3.52665666e-03   3.18027823e-03   3.39822029e-03   2.16483399e-01
    2.15667456e-01   3.27010895e-03  -2.87678465e-03  -3.33993835e-03]
 [ -3.20681301e-03  -2.21870169e-01   3.35829775e-03   3.36582819e-03
    2.21878797e-01   3.24212387e-03  -3.57599906e-03   3.45660560e-03
   -3.51858628e-03   3.41106276e-03   3.43795540e-03   2.16851085e-01
    2.15913966e-01   3.32996156e-03  -2.90414155e-03  -3.37361987e-03]
 [ -3.26127606e-03  -2.22149238e-01   3.34397750e-03   3.37901898e-03
    2.22079471e-01   3.24047729e-03  -3.56683880e-03   3.46477469e-03
   -3.54431476e-03   3.33749596e-03   3.42670898e-03   2.16899872e-01
    2.15827912e-01   3.31038726e-03  -2.86561158e-03  -3.36597441e-03]
 [ -3.13063059e-03  -2.22281381e-01   3.35181504e-03   3.27603007e-03
    2.22091436e-01   3.19482246e-03  -3.50279012e-03   3.39281769e-03
   -3.42036365e-03   3.41533171e-03   3.35745444e-03   2.16349721e-01
    2.15652838e-01   3.32721160e-03  -2.89611309e-03  -3.34068574e-03]
 [ -3.17478715e-03  -2.22359866e-01   3.15901893e-03   3.24004679e-03
    2.22276762e-01   3.14603560e-03  -3.42846196e-03   3.34184780e-03
   -3.42092291e-03   3.07327369e-03   3.28689511e-03   2.16685683e-01
    2.15828165e-01   3.16994218e-03  -2.77646398e-03  -3.23748589e-03]
 [ -3.06930789e-03  -2.22128510e-01   3.21006519e-03   3.17117805e-03
    2.23000377e-01   3.06394603e-03  -3.36981891e-03   3.27489479e-03
   -3.34203709e-03   3.19043454e-03   3.21338745e-03   2.17041209e-01
    2.16321722e-01   3.16731608e-03  -2.73390324e-03  -3.20022297e-03]
 [ -3.22829117e-03  -2.22442269e-01   3.28765833e-03   3.26317386e-03
    2.23185942e-01   3.20625119e-03  -3.48254060e-03   3.38957948e-03
   -3.44180176e-03   3.21384543e-03   3.34534491e-03   2.17556179e-01
    2.16674507e-01   3.28773446e-03  -2.87916977e-03  -3.31268553e-03]
 [ -3.15209152e-03  -2.22187653e-01   3.25836008e-03   3.21402750e-03
    2.22292408e-01   3.17354919e-03  -3.43577238e-03   3.36119323e-03
   -3.42537812e-03   3.17784352e-03   3.27219628e-03   2.17266873e-01
    2.16565609e-01   3.20527260e-03  -2.84714904e-03  -3.24099371e-03]
 [ -3.24921403e-03  -2.22550526e-01   3.34500941e-03   3.33835906e-03
    2.22565725e-01   3.23234592e-03  -3.53279035e-03   3.42735555e-03
   -3.52691743e-03   3.31896613e-03   3.39276460e-03   2.17026412e-01
    2.16137096e-01   3.31874494e-03  -2.92174704e-03  -3.38180945e-03]
 [ -3.15408548e-03  -2.22671568e-01   3.28764436e-03   3.25304829e-03
    2.23125771e-01   3.16180312e-03  -3.47620528e-03   3.39004723e-03
   -3.44880973e-03   3.22524225e-03   3.29921162e-03   2.17519864e-01
    2.16745153e-01   3.23043042e-03  -2.82632513e-03  -3.27429059e-03]
 [ -3.23380763e-03  -2.22534895e-01   3.33300349e-03   3.29079782e-03
    2.23072559e-01   3.18971137e-03  -3.49141099e-03   3.42296483e-03
   -3.49698495e-03   3.25770117e-03   3.33286077e-03   2.17373058e-01
    2.16478556e-01   3.30479862e-03  -2.86840508e-03  -3.32152285e-03]
 [ -3.06059816e-03  -2.21781448e-01   3.16738873e-03   3.14430962e-03
    2.21946254e-01   3.07807722e-03  -3.36395390e-03   3.26813990e-03
   -3.33060254e-03   3.11205932e-03   3.20973271e-03   2.16323584e-01
    2.15520814e-01   3.15124355e-03  -2.73328321e-03  -3.17307049e-03]
 [ -3.19952285e-03  -2.22057372e-01   3.42517975e-03   3.33131198e-03
    2.22180605e-01   3.24980239e-03  -3.55247338e-03   3.43754631e-03
   -3.49428202e-03   3.45557532e-03   3.41717293e-03   2.16551483e-01
    2.15698078e-01   3.40290694e-03  -2.97091552e-03  -3.40425153e-03]
 [ -4.50130939e-01   4.38032657e-01   4.46490258e-01   4.49371755e-01
   -4.10385966e-01   4.55144525e-01  -4.45762485e-01   4.45633054e-01
   -4.50234830e-01   4.49580163e-01   4.59312826e-01  -4.45563793e-01
   -3.73251647e-01   4.48460698e-01  -9.89547908e-01  -4.50871527e-01]
 [ -1.62287629e+00   1.85520911e+00   1.91486669e+00   1.73239028e+00
   -1.60237145e+00   2.08951521e+00  -1.90396655e+00   1.75606084e+00
   -2.27013707e+00   1.76852667e+00   1.73604608e+00  -2.53689837e+00
   -1.55345583e+00   1.67210948e+00  -1.02833807e-01  -2.20587444e+00]
 [ -1.63622403e+00   2.23242378e+00   1.49616253e+00   2.01673317e+00
   -2.01450992e+00   1.51161337e+00  -1.65896356e+00   1.97301412e+00
   -2.02067685e+00   1.83542025e+00   1.99238145e+00  -9.83283818e-01
   -2.14145803e+00   1.83752477e+00   3.75677943e-01  -2.30899501e+00]
 [ -2.26481915e+00   1.86219501e+00   1.95894670e+00   2.23164368e+00
   -1.70424449e+00   1.57492518e+00  -1.87367499e+00   1.94571495e+00
   -2.01856089e+00   2.03043079e+00   2.29170275e+00  -1.95132983e+00
   -2.08297801e+00   2.33385468e+00  -1.13537133e-01  -1.72120810e+00]
 [ -2.24599290e+00   2.10438752e+00   2.07790375e+00   2.05401254e+00
   -2.15228987e+00   2.22929573e+00  -2.05566478e+00   2.10062337e+00
   -2.03155208e+00   2.37907910e+00   2.08840561e+00  -2.30333710e+00
   -1.85294187e+00   2.24778414e+00   3.96961689e-01  -1.81778073e+00]
 [ -3.06478047e+00   2.55671597e+00   2.99347639e+00   2.99009085e+00
   -2.51727414e+00   3.14817238e+00  -3.00963497e+00   3.03987694e+00
   -2.80067992e+00   2.76085544e+00   2.93803406e+00  -1.78806317e+00
   -2.22509646e+00   2.95119047e+00  -4.83533293e-02  -2.75838137e+00]
 [ -2.04070926e+00   2.01450443e+00   1.92692959e+00   1.85749412e+00
   -2.34145117e+00   2.22736335e+00  -2.18104482e+00   1.92976582e+00
   -2.19526243e+00   1.75315785e+00   2.22846532e+00  -1.88535559e+00
   -1.93942630e+00   2.22548342e+00  -8.24688822e-02  -2.08784127e+00]
 [ -1.65065682e+00   2.26333213e+00   2.07984209e+00   1.72118974e+00
   -2.44272017e+00   2.13536000e+00  -1.74400508e+00   1.57798541e+00
   -2.11596537e+00   2.12017322e+00   1.92149591e+00  -1.16602564e+00
   -2.01693392e+00   1.93000042e+00   1.48087367e-01  -2.13814902e+00]
 [ -2.16201568e+00   1.94394851e+00   2.21666050e+00   2.31502271e+00
   -1.92033100e+00   2.16344857e+00  -1.70971227e+00   1.84559429e+00
   -1.85911214e+00   1.94371533e+00   2.19209886e+00  -2.22627735e+00
   -1.85630620e+00   1.73575842e+00   7.76758716e-02  -1.95571589e+00]
 [ -1.57567120e+00   1.76209557e+00   1.94141805e+00   1.87558925e+00
   -1.98684740e+00   1.58735979e+00  -1.87340868e+00   2.32733154e+00
   -1.99545276e+00   2.29440355e+00   1.90077376e+00  -2.26429057e+00
   -1.94859076e+00   1.60154831e+00   8.17631409e-02  -1.93980622e+00]
 [ -2.04507947e+00   1.61336458e+00   2.16238856e+00   1.58964252e+00
   -1.53900194e+00   1.77078414e+00  -2.21273112e+00   2.02078199e+00
   -2.03649974e+00   1.95866799e+00   1.85709381e+00  -2.39604950e+00
   -1.78151393e+00   1.94352925e+00   1.77051812e-01  -2.31126857e+00]
 [ -2.20067739e+00   2.34037018e+00   2.10177851e+00   2.38721991e+00
   -1.78967977e+00   2.29373217e+00  -2.24547148e+00   1.96554410e+00
   -2.08799458e+00   2.34176826e+00   1.71962309e+00  -1.93868279e+00
   -1.80979097e+00   1.90911901e+00  -4.83152010e-02  -1.76831198e+00]
 [ -2.02630448e+00   2.03106141e+00   1.97365642e+00   1.96341896e+00
   -2.24808598e+00   1.79334223e+00  -2.29177904e+00   1.86135244e+00
   -1.80140269e+00   1.84936774e+00   1.78721762e+00  -2.21199393e+00
   -2.00446105e+00   1.69229925e+00  -2.74640769e-01  -2.20572305e+00]
 [ -2.14156103e+00   2.05307961e+00   2.10670710e+00   1.80496609e+00
   -1.83741105e+00   1.58153129e+00  -2.23047996e+00   2.02528477e+00
   -2.09228492e+00   1.76795590e+00   2.23672938e+00  -2.27056265e+00
   -2.01057863e+00   2.25206947e+00   2.44844168e-01  -2.10055661e+00]
 [ -2.11461568e+00   1.79008877e+00   2.03872013e+00   2.38462973e+00
   -1.98468626e+00   2.28572583e+00  -1.80398703e+00   2.26378965e+00
   -1.79116082e+00   2.19482374e+00   2.12881994e+00  -2.61055160e+00
   -1.39813936e+00   2.30571222e+00   1.00945197e-01  -1.99090433e+00]
 [ -1.90429735e+00   1.92164123e+00   1.76545262e+00   1.93167043e+00
   -2.04316902e+00   2.22190523e+00  -1.84614122e+00   2.09214497e+00
   -1.93375850e+00   2.14074016e+00   1.84676397e+00  -1.90215230e+00
   -1.91687107e+00   2.17878389e+00  -1.08890004e-01  -1.85080278e+00]]
Eve
[[ 2.68498755  2.90385056 -2.94330144 -2.915555   -2.91545224 -3.47892237
   3.54454088  2.93230653 -2.94166374  2.93823314 -2.91221976 -3.20534372
   2.93989205 -2.91321015  3.49878645 -2.91517496]
 [ 2.62759924  3.12987351 -2.9698925  -3.21770334 -2.97835469 -3.12820482
   3.14940023  2.69049597 -2.78989387  3.01794863 -3.25088453 -3.30074143
   3.41104054 -3.32603693  2.98467588 -2.77721143]
 [ 3.16991735  3.15483379 -2.8503325  -2.92053485 -2.89529705 -2.86193347
   3.35348797  2.89694381 -3.35717082  2.8336494  -3.03813362 -3.1594646
   3.35098433 -3.01809406  3.14944577 -3.22603321]
 [ 2.66461587  3.43942118 -3.17577314 -3.13016105 -2.91440868 -3.39675307
   2.99050689  2.97672701 -2.94520879  3.0366776  -3.4268477  -2.85603213
   3.34758854 -3.36019611  2.80315804 -3.46118021]
 [ 2.93763351  2.81141424 -3.06628561 -2.96980762 -3.27963328 -3.31500363
   3.19492364  3.30809379 -3.26889801  3.23100829 -3.3857317  -3.07903814
   3.19011617 -3.37652755  3.36812019 -3.40484238]
 [ 3.22754526  3.46475029 -2.99799943 -3.30199552 -3.02062011 -3.58243394
   3.44473624  3.3036139  -3.32271528  3.53216767 -3.48453164 -3.35920191
   3.27096486 -3.65862417  3.39273095 -3.59382629]
 [ 2.91656446  2.79565144 -3.03162122 -2.78954554 -3.36788821 -3.1718266
   2.98532867  2.7596128  -3.2026329   2.9999783  -3.42689061 -3.06461549
   2.8973279  -3.09261918  3.01270461 -3.19322014]
 [ 2.8850069   3.14657569 -3.03375173 -3.05491376 -3.08946562 -2.73278952
   3.17206573  3.31886101 -3.17089772  3.348943   -3.22903538 -2.73847747
   2.7985239  -2.90454721  2.79338384 -2.99636126]
 [ 2.73379636  2.95919085 -3.27834296 -3.19467759 -2.85172176 -3.02311492
   2.8814559   2.99489236 -3.22834158  3.01945639 -2.92596793 -3.2271204
   3.25454593 -3.09442449  3.26871347 -3.13593984]
 [ 2.93986011  2.8459177  -2.99835443 -2.94692993 -3.43073559 -3.40763235
   2.69454241  3.3702836  -3.28426504  3.40035605 -3.43062758 -2.94987798
   3.01283836 -3.05147171  3.32653189 -3.11534047]
 [ 2.52094293  2.85380769 -2.97138429 -2.92448282 -2.66957712 -3.23703074
   2.9445672   2.67378402 -3.25294352  3.26244211 -2.83739567 -2.66854
   2.76922178 -2.92010546  2.60645318 -3.2721405 ]
 [ 3.22086716  3.42201114 -3.00403929 -3.08267426 -3.05538106 -2.98951077
   2.79430532  3.10734987 -3.28579211  2.96360826 -3.45057011 -3.33002305
   2.87307191 -3.52044988  2.84243155 -3.20473576]
 [ 2.54085016  3.32895851 -3.08765793 -3.14624643 -3.13597178 -2.80675197
   3.14892936  2.84508801 -2.68115449  2.75538039 -2.77273846 -3.1101172
   2.99268532 -3.27467561  2.69802332 -2.90788627]
 [ 3.24525976  3.25057912 -3.11276054 -2.72757983 -3.31410575 -2.78917289
   3.36654568  3.27810597 -3.28905082  3.27276587 -3.05027175 -2.77531886
   2.87335634 -2.95254827  3.11690736 -3.22792506]
 [ 3.15388441  3.18729877 -3.45298457 -3.31771636 -3.12918425 -3.05053115
   3.16177845  3.26765347 -3.24281406  3.29387879 -3.46345615 -3.37332702
   2.8528862  -3.4288137   3.4264884  -3.22185063]
 [ 2.68791723  3.02554011 -2.89962792 -3.40109372 -3.41896248 -3.3715446
   3.2131021   3.08186817 -2.93924356  2.78287387 -2.9503684  -3.31637645
   3.32042027 -2.87217498  2.78098893 -3.19559526]
 [ 3.37053108  3.01497889 -3.16371632 -3.44445944 -3.16193223 -3.34672308
   2.86645818  3.01976418 -3.2679317   3.29010844 -3.20710468 -3.30333638
   2.88169694 -3.44592595  3.08822203 -3.16425514]
 [-0.26824081  0.21716705 -0.17541312 -0.0680601  -0.20748083  0.59424281
  -0.27016887  0.49609718 -0.52315211  0.50472951 -0.25746596  0.71002281
   0.54011023 -0.12987603 -0.34649155 -0.5884878 ]
 [ 3.33129621  3.35786295 -3.32557607 -3.27964997 -3.37488174 -3.45712113
   3.40269327  3.17884398 -3.50167394  3.03747535 -3.02672362 -3.29577732
   3.43401885 -3.10231733  3.38676238 -3.17898989]
 [ 3.28172064  2.82897711 -3.34903455 -3.36428428 -3.37487197 -2.82335687
   2.98425794  3.12003303 -3.05293202  3.25223923 -3.22405434 -3.08708739
   3.00026369 -3.41184449  3.19394541 -2.8993721 ]
 [-0.19432221  0.32704717 -0.48327723 -0.40593785 -0.27486023  0.82898033
  -0.7249915   0.3007912  -0.28721803  0.31860721 -0.35120073  0.8799594
   0.41849476 -0.3097375  -0.44284847 -0.0739836 ]
 [ 3.0855453   3.41277933 -3.455549   -2.94322753 -3.12808132 -3.17152166
   2.98585582  3.35081291 -2.89038968  3.1977191  -3.50500655 -3.2685349
   3.32975078 -3.58034301  2.78454947 -3.25306034]
 [ 3.08883142  2.77226067 -2.99535918 -3.1233089  -2.83742905 -2.67936754
   3.23861647  3.1723206  -3.34840822  2.73189402 -3.13194323 -3.22889638
   3.34481883 -3.05659318  2.94619918 -3.25322032]
 [ 3.22300363  3.27527952 -3.3941009  -3.05816746 -2.77587771 -2.73774862
   2.94531894  2.82915115 -2.79971313  3.07916307 -3.09609222 -3.23210645
   3.2204895  -3.12373328  2.99413085 -3.20565033]
 [ 2.6833303   2.76729083 -3.01513195 -2.70841932 -3.04371619 -3.29744482
   2.86915064  3.15228105 -2.85116267  3.3188374  -2.99620914 -3.14484596
   2.71216369 -3.01623845  2.92097211 -2.6991477 ]
 [ 3.49376011  2.9712801  -3.52446127 -3.39009452 -3.26624537 -3.43454289
   3.18195748  3.21062493 -3.11894178  3.26536131 -3.11678314 -2.88460207
   3.47805786 -2.87038541  2.88475275 -3.22299767]
 [ 3.32112575  3.12129688 -3.29906082 -2.7388463  -3.09879231 -2.92632794
   3.35772276  3.02359796 -2.88888741  2.81195021 -3.46154284 -3.35390544
   2.79974318 -2.84343767  3.17419529 -3.2110126 ]
 [ 0.21708725  1.0274055  -1.0909009  -0.96047413 -0.91221899 -1.32223272
   1.43418586  0.69925487 -1.09781659  0.95971662 -0.92569435 -1.16856885
   0.92813993 -0.91369283  1.99112463 -1.17017424]
 [ 0.41175076  1.28502142 -1.10646272 -1.41195953 -1.45513082 -1.51243579
   1.58763075  1.37189353 -0.94526273  1.06684017 -1.31922984 -1.22944975
   0.97519141 -1.48633373  2.04820013 -1.02211869]
 [ 2.98429585  3.26331854 -3.04415131 -3.47141004 -3.32887721 -3.04950809
   3.32476401  3.06764293 -3.05544996  3.35940886 -3.15253925 -2.93527937
   3.32955432 -2.95294642  2.95166492 -3.4800365 ]
 [ 3.05682874  3.38340831 -3.3010416  -3.45992279 -3.29046655 -2.90437508
   3.33167386  3.32331371 -3.24297547  3.21042728 -3.26922917 -3.21413136
   3.05878782 -3.3900547   3.32604551 -3.41218877]
 [ 2.89731836  3.16566658 -3.07843924 -3.18853951 -2.93860102 -2.98439193
   2.93668628  3.01299667 -3.32721734  3.36061978 -3.16955686 -2.86672425
   3.28279018 -3.09783888  2.88510704 -2.82126522]]