Alice
[[ -1.16368067e-02  -5.35872066e-04   3.68445992e-01  -1.11640831e-02
    1.07574984e-02   1.20049966e-02  -9.39484313e-03   8.44629388e-03]
 [ -1.26300678e-02   1.45793532e-03   3.66886497e-01  -1.04135321e-02
    1.42305847e-02   8.98133032e-03  -1.17167411e-02   6.20711781e-03]
 [ -1.15119722e-02  -4.79377864e-04   3.68170708e-01  -1.10715795e-02
    1.06811058e-02   1.17931413e-02  -9.28708073e-03   8.43738765e-03]
 [ -1.16744619e-02  -5.91535063e-04   3.69026124e-01  -1.10721430e-02
    1.07743973e-02   1.19091095e-02  -9.34755895e-03   8.57967697e-03]
 [ -1.15459319e-02  -5.80393651e-04   3.69891375e-01  -1.09964386e-02
    1.07268915e-02   1.18381483e-02  -9.30217188e-03   8.54742341e-03]
 [ -1.16392076e-02  -5.35982545e-04   3.68767619e-01  -1.10784620e-02
    1.05989296e-02   1.18303085e-02  -9.33825132e-03   8.58313404e-03]
 [ -1.15735568e-02  -6.59138779e-04   3.70157599e-01  -1.11241546e-02
    1.05742300e-02   1.17826210e-02  -9.21159424e-03   8.43795482e-03]
 [ -1.28916483e-02   1.40206784e-03   3.69249433e-01  -1.06134266e-02
    1.42927915e-02   9.06682946e-03  -1.19329384e-02   6.02829177e-03]
 [ -5.65120876e-01   1.00001431e+00  -8.40246357e-05  -5.63725233e-01
    5.81962764e-01   5.86417913e-01  -5.72391570e-01  -7.94020966e-02]
 [ -2.90588331e+00  -7.80148548e-04  -2.65539577e-03  -2.77611804e+00
    2.71882129e+00   2.49027324e+00  -2.63135767e+00   1.08808741e-01]
 [ -2.23100305e+00   2.66597450e-01   4.22167033e-01  -1.93973184e+00
    2.45695567e+00   2.09622002e+00  -1.81652033e+00  -2.91980326e-01]
 [ -2.70014739e+00   2.90584378e-02  -4.08525199e-01  -2.67492223e+00
    2.49686170e+00   2.62241626e+00  -2.61216688e+00   1.00700045e+00]
 [ -2.45455432e+00   2.21073702e-02   2.43731797e-01  -2.06440306e+00
    1.80729663e+00   1.76146197e+00  -2.69585180e+00  -4.94176894e-01]
 [ -2.51209641e+00   5.03086373e-02  -4.32689428e-01  -2.49027467e+00
    2.45590591e+00   2.42979670e+00  -1.99957681e+00  -3.51102173e-01]
 [ -2.36914444e+00  -1.37380580e-03   4.45536047e-04  -2.51482797e+00
    2.57205796e+00   2.67283225e+00  -2.60082507e+00   2.03303527e-02]
 [ -1.93901360e+00  -3.49597454e-01   9.13056955e-02  -2.63105440e+00
    2.25294638e+00   2.65814352e+00  -2.68107057e+00   1.90832198e-01]]
Bob
[[  2.52448916e-01  -2.56219059e-02   2.83873193e-02   1.57018267e-02
   -1.32793374e-02  -3.42896581e-02   2.95459796e-02  -1.87410302e-02]
 [  4.11155850e-01   8.43439810e-03   4.82768286e-03   1.56838931e-02
   -6.12311345e-03   1.46834981e-02   1.04557928e-02  -7.36055290e-03]
 [  2.49283448e-01  -1.67357139e-02   2.12807078e-02  -2.33944654e-02
   -2.11649872e-02   2.01582983e-02  -9.22470540e-02  -1.82548948e-02]
 [  4.10322458e-01   8.42543691e-03   4.99413582e-03   1.57847889e-02
   -6.49340590e-03   1.48349283e-02   1.00148115e-02  -7.52741145e-03]
 [  4.10631537e-01   8.41134414e-03   4.82213497e-03   1.56199280e-02
   -5.98804187e-03   1.46316858e-02   1.05018783e-02  -7.33169308e-03]
 [  4.10349160e-01   8.64063110e-03   4.87596029e-03   1.55111756e-02
   -6.18074369e-03   1.48383202e-02   9.93117597e-03  -7.36385630e-03]
 [  4.10224736e-01   8.56246054e-03   5.14228037e-03   1.59250814e-02
   -6.32663118e-03   1.48048541e-02   1.03285238e-02  -7.57531635e-03]
 [  4.11640346e-01   8.48287344e-03   4.68032155e-03   1.53196566e-02
   -6.05049077e-03   1.45765254e-02   9.89297032e-03  -7.10874563e-03]
 [  1.28076777e-01   4.20635849e-01   2.12825513e+00   2.38458729e+00
   -2.78472400e+00   2.38650227e+00  -2.62514025e-01  -2.15290260e+00]
 [  1.31872445e-01  -5.06990738e-02   2.29970789e+00   1.77656007e+00
   -2.11478591e+00   2.06453371e+00  -2.74456561e-01  -1.84795511e+00]
 [ -1.48235456e-04   1.00010383e+00   7.03916252e-01   6.98909044e-01
   -6.96981132e-01   7.03397393e-01  -1.44143719e-02  -6.96494877e-01]
 [  9.97140352e-03  -1.63443998e-01   2.14140582e+00   2.35138488e+00
   -2.46128035e+00   2.32512903e+00  -2.10383102e-01  -2.51551127e+00]
 [ -8.70594978e-02   1.05274379e-01   2.82469177e+00   2.36001062e+00
   -2.25073218e+00   2.64456606e+00   3.34832259e-02  -2.40623331e+00]
 [  7.75341094e-02  -2.58921161e-02   2.21556902e+00   2.70829320e+00
   -2.01395011e+00   2.24579716e+00   4.04872507e-01  -2.43215251e+00]
 [ -2.93997854e-01  -4.31287229e-01   1.99422622e+00   2.02356172e+00
   -1.92031372e+00   2.28937125e+00   3.62832665e-01  -2.25149345e+00]
 [  1.84138864e-01   1.83048621e-02   2.57415843e+00   1.94816732e+00
   -2.51362443e+00   1.84691894e+00  -1.16708912e-01  -2.04003882e+00]]
Eve
[[-2.8983984  -3.13280344  2.19648409  3.59160089 -3.41396213 -3.09139514
   2.90235472 -0.74145067]
 [-1.82980239 -1.18493891  1.55623806  1.27431905 -1.60304463 -1.76241744
   2.14251542 -0.04001139]
 [-2.26754737 -0.17246772  2.65560889  2.26372552 -2.27681899 -2.28254747
   2.247226   -0.04842639]
 [-3.28730202 -3.26797104  2.85240865  3.65035892 -3.12749052 -3.62597609
   3.27512336 -0.95032871]
 [-3.01926756 -2.74866247  2.96038723  3.65119934 -3.41625857 -3.17774534
   3.34711671 -1.09046769]
 [-3.27810192 -2.83023453  3.05397487  3.55944586 -2.91240668 -3.54600668
   3.13658309 -1.07841802]
 [-3.22196889 -2.33324122  2.70762134  3.50773811 -3.55250573 -3.41920424
   3.7077198  -0.76485378]
 [-3.00319934 -2.99233603  2.19971967  3.23516083 -2.97647595 -2.82639122
   3.49480891 -0.85739565]
 [-2.34318995 -2.57771516  0.14150503  2.32748723 -2.32993913 -2.32879758
   2.34041858 -0.04218686]
 [-2.56852865 -1.54783177  2.35523176  2.42008066 -2.52110028 -2.97430444
   2.45558906 -1.08947134]
 [-2.87405014 -2.18849754  2.35585093  2.98350811 -3.26511073 -3.01946044
   3.06867838 -0.9773432 ]
 [-3.08316755 -2.44329047  2.6534977   3.33748293 -3.38839221 -3.182266
   2.742661   -1.16629982]
 [-3.64346695 -2.75337696  2.65629101  3.66703367 -3.15120602 -3.24477601
   3.0915637  -0.45156944]
 [-2.88375592 -2.98225665  2.67899036  3.52930737 -3.005723   -3.50212002
   3.74996948 -1.08483315]
 [-3.01225328 -3.16605973  2.48484349  2.82246399 -3.34363937 -2.71537924
   3.31672835 -2.73726106]
 [-3.41905951 -2.28487682  2.3235054   2.62827301 -2.87243843 -3.25778723
   3.69713044 -0.65873492]]