Alice
[[ -2.90279531e-05   2.92681187e-01  -1.43879640e+00  -1.17065406e+00]
 [ -2.11678871e-05   1.43686271e+00   4.79111135e-01   3.25052083e-01]
 [ -2.26477387e-05   2.82490820e-01   5.08205235e-01   7.51379550e-01]
 [ -2.81362118e-05   6.43476605e-01  -5.44009924e-01  -1.62304208e-01]
 [ -3.71914393e-05   8.64721460e-06   2.45950941e-05   3.55192387e-05]
 [ -3.53440846e-05   3.87955188e-05  -1.26058494e-05   4.35763977e-05]
 [ -3.01906293e-05   3.51511771e-05  -6.36383811e-06   3.59165570e-05]
 [ -4.04243438e-05   1.03658695e-05   6.50749826e-06  -8.22025504e-06]
 [  1.86794678e-05   8.20711076e-01  -7.37425014e-02   4.59948808e-01]
 [ -8.89152034e-06   2.69529849e-01   8.97607803e-02  -6.71353042e-02]
 [  2.94204820e-05  -6.41990229e-02   9.55397785e-01   3.66328843e-02]
 [ -9.99997318e-01   4.24779137e-06   1.21495350e-06   1.30005083e-05]]
Bob
[[ -2.92657673e-01  -1.17063260e+00   1.43888474e+00  -1.96647625e-02]
 [ -1.43685174e+00   3.25023711e-01  -4.79124010e-01  -6.69141412e-01]
 [ -2.82445401e-01   7.51350701e-01  -5.08226633e-01  -3.24343979e-01]
 [ -6.43480361e-01  -1.62317529e-01   5.44039190e-01   1.34923112e+00]
 [  1.75115692e-05  -2.28886984e-06   5.05810931e-07  -3.36638421e-01]
 [  3.30065882e-06   1.48364225e-05  -6.01823831e-06  -3.42290103e-01]
 [  1.59855044e-05  -7.58709530e-06   1.34927704e-05  -3.22209269e-01]
 [ -1.23116843e-05   9.54108873e-06   1.33793601e-05  -3.30243915e-01]
 [  2.99775158e-03   5.79333901e-01  -1.41342711e-02   5.84260404e-01]
 [ -8.20723414e-01   4.59902495e-01   7.37140626e-02   1.30155422e-05]
 [  6.42070919e-02   3.65852304e-02  -9.55396533e-01  -3.38057362e-05]
 [ -2.69529015e-01  -6.71726391e-02  -8.97585452e-02   4.61264244e-06]]
Eve
[[-0.00848829  1.0886023   2.97534156  2.97337413]
 [ 0.0249559   3.03185654 -1.92412066 -1.34676123]
 [-0.03847434  1.20172381 -2.07912016 -2.41413307]
 [-0.35676399  1.09172821  1.9009999   0.8806566 ]
 [-1.13272262  0.31442574  0.10656939 -0.91923141]
 [ 0.09280744  1.74502265  0.37833855 -0.46498483]
 [ 0.10308054  0.1782259  -0.93187141  0.3710869 ]
 [ 0.20744695  0.34304446 -0.03992181  0.41314816]
 [ 0.16282377  1.42691398  0.06045777 -0.92796564]
 [-0.2186234   0.15248594  0.41434193 -0.15785241]
 [-0.29582629  0.22283962 -0.74077255  0.37936091]
 [-2.67973375  0.22358973 -0.03580943 -0.06876364]]