Alice
[[  1.15390983e-03  -1.08911528e-03  -1.17609790e-03 ...,   1.29107467e-03
   -1.15605175e-01   1.16827420e-03]
 [  1.19688117e-03  -1.14483410e-03  -1.21724792e-03 ...,   1.34397496e-03
   -1.16148829e-01   1.22114492e-03]
 [  1.15553231e-03  -1.08796812e-03  -1.14877545e-03 ...,   1.26087666e-03
   -1.15360595e-01   1.16045994e-03]
 ..., 
 [  1.33269191e+00  -1.27056754e+00  -1.32707250e+00 ...,   9.10972476e-01
    1.32931638e+00   1.39095044e+00]
 [  9.80782509e-01  -1.48115599e+00  -1.30555165e+00 ...,   1.41073453e+00
    1.28159332e+00   1.14639544e+00]
 [  1.41947925e+00  -1.44281125e+00  -1.07768476e+00 ...,   1.48392987e+00
    9.56114888e-01   1.09731960e+00]]
Bob
[[ -1.10906747e-03  -1.02628639e-03   9.36935947e-04 ...,  -1.05350849e-03
   -1.02318206e-03  -9.14705219e-04]
 [ -1.16171699e-03  -9.78809665e-04   9.00160405e-04 ...,  -9.84114711e-04
   -9.80081037e-04  -8.78959196e-04]
 [ -1.61337550e-03  -1.15411216e-03   1.13300956e-03 ...,  -1.17036153e-03
   -1.16793124e-03  -1.12629414e-03]
 ..., 
 [  1.48495436e+00  -1.57059371e+00   1.59926379e+00 ...,  -1.57876158e+00
   -1.46880460e+00  -1.44806075e+00]
 [  1.13793445e+00  -1.12761927e+00   1.12919092e+00 ...,  -1.13279283e+00
   -1.13688767e+00  -9.03069139e-01]
 [  1.59491491e+00  -1.23838580e+00   1.37890208e+00 ...,  -1.48064661e+00
   -1.70125532e+00  -1.38800859e+00]]
Eve
[[-3.10219359 -3.02519917  3.26857948 ...,  2.78605723  2.83189154
  -2.95376968]
 [-3.20269847 -3.10448241  3.10324812 ...,  2.67881894  2.98790503
  -3.06302381]
 [-3.19751549 -3.02325392  3.34959888 ...,  2.91497469  2.97128677
  -3.18201351]
 ..., 
 [-3.1220293  -3.10098076  3.05382705 ...,  1.75631785  2.90272665
  -3.33717799]
 [-3.32554173 -2.92750692  3.27002597 ...,  2.39448833  2.92512727
  -2.88318634]
 [-3.10108948 -3.03398657  2.99047375 ...,  2.65651703  2.97103548
  -2.94964099]]