Alice
[[  7.53604099e-02   5.60617223e-02  -8.00269572e-06  -5.47687290e-04
   -4.33929294e-04  -1.06877732e+00  -1.07527710e-01  -4.82423007e-02]
 [ -1.80733904e-01   2.19042659e-01   1.28083542e-04  -2.58918211e-04
   -1.06139772e-03   3.20252823e-03  -3.60899717e-02   1.97844350e+00]
 [ -1.94694102e-01   2.47834459e-01   1.14945709e-04  -6.54387637e-04
    1.54248046e-04   6.09468622e-03  -1.22809254e-01  -1.08834758e-01]
 [  1.21697783e-01  -1.52580217e-01  -1.05009756e-04  -7.96653563e-04
    2.37288815e-03  -1.69388074e-02  -1.44363791e-01  -9.63310376e-02]
 [ -1.60801008e-01   2.23296911e-01   9.06310015e-05  -5.07918885e-04
    4.48961917e-04   4.66549443e-03  -1.08323038e-01  -1.82903394e-01]
 [  1.32343754e-01  -1.90778553e-01  -5.59679429e-05   2.04441058e-05
   -6.12176082e-04  -1.02135101e-02   2.06270552e+00  -3.01301219e-02]
 [ -2.68055975e-01   1.10996500e-01   1.19804907e-04  -2.70792050e-04
   -2.65327215e-01   8.43925774e-03  -6.06738888e-02  -4.92610693e-01]
 [ -1.23082951e-01   1.65463701e-01   8.05167365e-05  -5.15285414e-04
    3.44005821e-04   1.11035234e-03  -9.53659341e-02  -1.63164347e-01]
 [ -1.48762169e-03   1.84176173e-02  -2.23102870e-06  -4.67308419e-05
    9.02225322e-04   5.38017834e-03  -2.62132678e-02  -2.45906413e-02]
 [ -1.51929178e-03   1.80865508e-02  -9.22822619e-06  -5.77871288e-05
    8.66706250e-04   5.29233925e-03  -2.56143473e-02  -2.40284093e-02]
 [ -1.67019945e-03   1.88118014e-02  -5.03207484e-05  -4.22352350e-05
    8.83164350e-04   5.54199284e-03  -2.65524071e-02  -2.50006970e-02]
 [ -1.60762959e-03   1.84500422e-02  -2.18824953e-05  -2.71994413e-05
    8.99581821e-04   5.33965370e-03  -2.61722952e-02  -2.45774500e-02]
 [ -1.51243294e-03   1.84828714e-02  -3.86865395e-06  -3.16214282e-05
    8.98675236e-04   5.45480382e-03  -2.62063034e-02  -2.46408656e-02]
 [ -1.59360562e-03   1.83218066e-02  -6.09391282e-06  -3.81991340e-05
    8.75954167e-04   5.38819563e-03  -2.59246621e-02  -2.43210867e-02]
 [ -1.55690778e-03   1.84194949e-02  -1.29093169e-05  -2.92185614e-05
    8.97433492e-04   5.40086115e-03  -2.61917431e-02  -2.46236268e-02]
 [ -1.54879154e-03   1.85578261e-02  -2.05177585e-05  -3.40797997e-05
    9.01049876e-04   5.46686351e-03  -2.64339801e-02  -2.46289372e-02]
 [ -3.75482067e-02   3.02281052e-01  -1.26854466e-05   5.10990503e-04
   -3.46080251e-02   5.57198189e-02  -3.39392573e-01  -2.79070288e-01]
 [  1.39702842e-01  -1.41735300e-02   9.13480908e-05   4.05600620e-03
   -2.14022510e-02  -2.22435668e-02  -5.73528647e-01  -3.96009743e-01]
 [ -6.70701742e-01   2.50247538e-01  -3.42327286e-04   1.13495230e-03
   -3.30572993e-01  -1.94617316e-01  -2.79882908e-01  -3.77924800e-01]
 [  1.00276236e-04  -1.49801590e-05   3.02539484e-05  -7.05118873e-06
    4.87873258e-05   1.34218860e+00   7.22095574e-05   1.88323698e-04]
 [  3.05912363e-05   8.29235796e-05   1.42635654e-05  -9.99959826e-01
    2.43076807e-04   1.39468978e-03   2.64879607e-04  -5.55600098e-04]
 [ -1.52683437e-01   5.01082301e-01  -2.50757730e-04  -7.93296262e-04
    3.49651575e-01   1.95066128e-02  -1.29676864e-01  -2.84253597e-01]
 [ -4.49685082e-02   4.47556227e-02  -4.91111587e-06  -3.85443517e-03
    9.00384724e-01  -5.15896315e-03  -2.18634784e-01   8.18727612e-02]
 [ -9.94949278e-06   2.41731723e-05  -1.00001347e+00  -4.90094681e-05
    1.33835507e-04  -2.84612062e-03  -1.61207776e-04  -1.27665279e-03]]
Bob
[[  4.78049256e-02   1.58559203e-01   4.73134220e-02  -7.93372512e-01
   -1.84871331e-01  -5.58353141e-02   5.74796041e-03  -7.41513148e-02]
 [ -1.96810925e+00   5.31735569e-02  -1.81049153e-01  -1.75737850e-02
   -2.39813626e-01  -2.23078862e-01  -2.20292201e-03  -3.26352209e-01]
 [  1.15679182e-01   1.39618441e-01  -1.98904365e-01  -3.18099335e-02
    6.65672868e-02  -2.44649008e-01   9.17900761e-04  -4.25373733e-01]
 [  9.13721919e-02   1.19590640e-01   1.05544314e-01   8.23716521e-01
   -5.52995861e-01   1.61929846e-01   6.05691336e-02   4.74386275e-01]
 [  1.90074071e-01   1.35642648e-01  -1.58833191e-01  -3.23482044e-02
   -2.94890702e-01  -2.20238209e-01  -2.82690171e-02  -3.67483616e-01]
 [  3.49063016e-02  -2.10153341e+00   1.22719981e-01   8.00023600e-03
   -3.52237254e-01   1.82021499e-01   9.40368474e-02   2.30276299e+00]
 [  4.39243227e-01   4.58923541e-02  -3.02927375e-01  -3.13473530e-02
    1.83645874e-01  -9.98393819e-02  -9.40712541e-02  -4.58133370e-01]
 [  1.72104955e-01   1.12227984e-01  -1.24932498e-01  -2.99651101e-02
   -2.75792956e-01  -1.65025800e-01  -1.43642852e-03  -2.82140702e-01]
 [  2.95759775e-02   5.69180176e-02   3.79685010e-03   5.06093435e-04
    6.64662048e-02  -1.95114594e-02  -5.81673533e-02   1.02321588e-01]
 [  3.10784858e-02   5.95322736e-02   3.95709695e-03   4.80512565e-04
    2.32377484e-01  -2.03823745e-02  -6.06955513e-02   6.53023943e-02]
 [  2.95787081e-02   5.69185093e-02   3.83649720e-03   4.49115323e-04
   -1.37015926e-02  -1.94145516e-02  -5.83283603e-02   1.10884190e-01]
 [  3.08790728e-02   5.92764243e-02   4.00264282e-03   4.32151835e-04
    2.17074797e-01  -2.02451218e-02  -6.06284663e-02   6.25859872e-02]
 [  2.97614392e-02   5.68786561e-02   3.81967565e-03   5.25808369e-04
    3.75464559e-02  -1.95926689e-02  -5.83660230e-02   1.03769630e-01]
 [  3.07468399e-02   5.87308295e-02   3.85710760e-03   4.57655289e-04
    1.47491783e-01  -2.01727357e-02  -6.01432845e-02   8.77393112e-02]
 [  3.03861946e-02   5.82569130e-02   3.76376184e-03   4.33087756e-04
    1.36727810e-01  -2.00947579e-02  -5.95592037e-02   6.97922558e-02]
 [  3.01925279e-02   5.80900349e-02   3.88308824e-03   4.86934325e-04
    4.54534218e-02  -1.98916178e-02  -5.93477078e-02   1.07820392e-01]
 [  2.73865789e-01   2.34476864e-01  -5.47103286e-01  -9.25061107e-02
    9.85602383e-04  -1.74657971e-01   1.24596201e-01  -1.65027523e-04]
 [  3.69234979e-01   1.58669457e-01  -2.55683005e-01   9.46226120e-02
   -5.95624384e-04  -5.62453806e-01  -1.68908566e-01  -2.89686286e-04]
 [ -1.94963571e-02  -2.07612216e-01   2.24042490e-01   1.91141963e-01
   -1.70134351e-01  -3.33960116e-01  -2.61529386e-01   7.84320652e-01]
 [  2.07840383e-01   3.55155349e-01  -3.52579594e-01   8.06251228e-01
   -3.94509360e-02  -5.70646524e-01  -4.99186106e-03  -9.68197435e-02]
 [  2.42196679e-01   1.21036753e-01  -6.80315271e-02  -1.13955580e-01
   -8.46337643e-04  -7.04655424e-02   1.30729294e+00  -2.11098290e-04]
 [  1.73643753e-02  -1.99454073e-02   2.93289088e-02  -1.34266090e+00
    1.63528312e-04   7.53882155e-03  -1.55229438e-02   1.69290233e-05]
 [  4.29169863e-01   5.58510840e-01   1.81093484e-01   2.63975382e-01
   -6.66795095e-05  -2.31399573e-02   2.99009886e-02   5.66118397e-04]
 [  2.57344216e-01   3.31341237e-01  -3.34399678e-02   1.74123615e-01
    1.89656697e-04  -2.93127775e-01   6.40418613e-03   1.03270999e-04]]
Eve
[[-0.52278775 -0.12804472 -0.09022923 -0.04225652  0.06141908 -1.70427644
  -0.16125385 -0.26748845]
 [ 0.37365371  0.60163093  0.08709472 -0.07490973  0.41651902  0.05775997
   0.05205307  3.08892703]
 [ 0.53425872  0.62165892  0.16325237 -0.16708674  0.38056955  0.11295909
  -1.38796532 -0.82016993]
 [-1.32962656 -0.31426442  0.17027947 -0.19532539  0.13525832  0.31891155
  -0.33332953 -0.50559759]
 [ 0.5723235   0.53280348  0.11847106 -0.11465866  0.42360649  0.09462626
  -1.53145146 -1.31567371]
 [ 0.55839503 -0.35731471 -0.01880154  0.01649734 -0.0719872   0.03893523
   2.93128181 -0.1387042 ]
 [ 0.19536473  0.15410262 -0.06392804  0.05023435  0.19236387  0.20026174
  -1.08792067 -2.00646639]
 [ 0.62452549  0.40900224  0.10926198 -0.11273993  0.35728261  0.09828519
  -1.02826369 -1.12946892]
 [-0.28897256  0.28902745  0.0655048   0.23621863 -0.6431852  -0.50518864
  -0.41201323 -0.12195526]
 [-0.32397774  0.98505884 -0.10077669 -0.11238267 -0.04113317  0.30717003
  -0.01913308  0.24362729]
 [-0.8694514   1.5820694  -0.26793113  0.57936484  1.07766593 -0.51135463
   0.52956367  1.22479939]
 [ 0.7870568   0.81199014 -0.66064692  0.76276296 -0.33819512 -0.05821571
   0.12156562  0.32043779]
 [ 1.07150364 -0.25754532  0.14579347 -0.16903782 -2.572891   -0.26646799
   0.03001724 -0.98416942]
 [-1.15863681  0.31346276  0.24683778 -0.14220694  0.12061444 -1.48358154
  -0.04910157 -0.33322823]
 [-0.21429466  0.00761833 -0.50811255  0.23249069 -0.56945759 -0.57343644
   0.67870992 -0.72518039]
 [-0.08886077  0.80847704  0.29025    -0.03845388 -0.4304595  -0.01896176
  -0.06095258  0.35189602]
 [ 0.25441805  0.42696041 -0.01862993 -0.26052269 -0.22510098  0.17144766
  -0.16827458  0.23511976]
 [ 0.16731006  0.08370487 -0.16162197  0.58449787 -0.27392092 -0.11123018
   0.63909703 -0.43876168]
 [-0.10087401  0.22144927 -0.13418795 -0.05252223 -0.67099041 -0.1013267
  -0.26530597 -0.36335269]
 [-2.01083899  0.10315238  0.05467394 -0.06199608  0.05087893  2.6645143
  -0.07467589 -0.37610614]
 [ 0.13260859  0.01631692  0.02109494 -2.47395325 -0.06896627 -0.01424742
   0.17472392 -0.07466407]
 [-0.243994    0.82490826  0.02451696 -0.02184494  0.82106966  0.22712274
  -0.0162316   0.29246011]
 [-0.10546769  0.69167054  0.33114702 -0.41775674  1.76320279 -0.10269612
  -0.29769453  0.56814408]
 [-0.06590156 -0.02123387  2.52066517 -0.0784624   0.08868298  0.10094345
   0.04591088 -0.17568836]]