Alice
[[  1.13218829e-01   9.79933306e-04  -1.00984622e-03 ...,  -4.49084211e-03
   -6.29271555e-04   8.28619755e-04]
 [  1.15199894e-01   1.10560388e-03  -1.11767161e-03 ...,  -4.77812206e-03
   -7.00493227e-04   8.84709356e-04]
 [  1.16231322e-01   1.09844329e-03  -1.04041083e-03 ...,  -4.14028578e-03
   -6.92187401e-04   8.59718770e-04]
 ..., 
 [  5.12060046e-01   3.82244855e-01   6.18290663e-01 ...,   5.25754578e-02
    6.12067223e-01  -6.14366829e-01]
 [ -1.43655598e+00  -1.67727089e+00  -1.49280012e+00 ...,  -3.28454942e-01
   -1.35340154e+00   1.68610358e+00]
 [ -1.41201031e+00  -1.69574904e+00  -1.30721235e+00 ...,  -1.96984977e-01
   -1.70587122e+00   1.50501406e+00]]
Bob
[[ -1.14604659e-01  -1.13558688e-03   1.07553008e-03 ...,  -1.19009756e-01
    1.25345332e-03  -1.17982319e-03]
 [ -1.13512136e-01  -1.02905359e-03   9.77022573e-04 ...,  -1.17782973e-01
    1.21181179e-03  -1.06422068e-03]
 [ -1.16008915e-01  -9.99963493e-04   9.33114497e-04 ...,  -1.20460846e-01
    1.16636464e-03  -1.03833480e-03]
 ..., 
 [  2.20441175e+00  -2.22751117e+00   1.68207860e+00 ...,   2.28620410e+00
    2.99316168e-01  -2.15180850e+00]
 [  1.45254719e+00  -1.39354861e+00   1.40187502e+00 ...,   1.80267966e+00
   -7.03422502e-02  -1.26693487e+00]
 [  1.68380904e+00  -1.54883742e+00   1.41568482e+00 ...,   1.59760737e+00
    2.25329474e-01  -1.28050208e+00]]
Eve
[[ 3.52106857  2.47030854  3.32136393 ...,  0.55535889 -3.5960145
  -3.32220078]
 [ 2.76151252  2.2693274   2.92885089 ...,  1.55775189 -3.04189897
  -3.14801741]
 [ 3.17069674  2.35969138  3.17307544 ...,  1.99577844 -2.74589753
  -3.23583293]
 ..., 
 [ 2.65366101  2.3507967   2.33877397 ...,  0.02793076 -2.40717554
  -2.32567048]
 [ 3.17361856  2.31983471  3.25558972 ...,  2.40284824 -2.9759078
  -3.29438233]
 [ 2.86184812  2.27439547  2.80396199 ...,  2.43496156 -3.1961658
  -3.10022545]]